1717439,1971871,547756,656394,85,0
725233,920650,26572,20653,85,0
1000481,1167929,506532,478555,85,0
1662778,1921761,265538,337622,85,0
732317,730228,0,568,85,0
251624,423178,65172,64925,85,0
1183103,2012841,126914,76010,85,0
2334966,5009231,4000,313,85,0
210134,310364,8735,9682,85,0
300773,428256,78478,50230,85,0
1391380,2918573,62044,83629,85,0
149495,267589,33070,20737,85,0
2508269,5547095,49151,54517,85,0
2836227,4540877,2245111,1423607,85,0
193524,312198,70336,59561,85,0
4921441,6056541,43566,23540,85,0
6177601,6257151,4353542,4832886,85,0
5804631,6890565,3648470,5212519,85,0
7648114,8007584,4548249,4513476,85,0
1447995,2117304,169124,248390,85,0
237092,296042,77444,62880,85,0
209094,347264,8688,0,85,0
5080864,5210951,68628,67432,85,0
281721,408787,74045,30274,85,0
5000702,6200428,511189,950624,85,0
4328478,6615001,3928139,3363691,85,0
212688,314586,99295,54770,85,0
285692,497944,89432,90788,85,0
200197,316167,379,12130,85,0
3972879,4278425,57975,16032,85,0
217544,289222,119626,39541,85,0
5744743,7220365,7515521,2945187,85,0
1403760,1365899,35679,47634,85,0
1800608,4364837,115553,898398,0,0
182435,599623,839,79033,0,0
1887102,4065921,2050939,2164701,0,0
1048493,6706479,102879,513871,0,0
1472031,6370989,86008,736525,0,0
966532,3169217,131594,465409,0,0
1195498,3887125,220371,604992,0,0
1335830,4478824,205098,646712,0,0
94398,6556031,139906,95363,0,0
613551,1909587,425300,874800,0,0
281719,1528117,92367,144183,0,0
679518,3069461,103194,361191,0,0
380795,2295588,127623,229507,0,0
92212,386301,228870,147720,0,0
772126,3053462,31708,344836,0,0
181997,352539,109126,148194,0,0
514955,2731472,104604,310185,0,0
613651,4095402,144691,338918,0,0
159972,422504,131504,146728,0,0
82268,450558,73828,65974,0,0
590359,1853091,136004,339589,0,0
170446,481406,159430,146765,0,0
213241,399872,143576,254094,0,0
103167,389202,4927,46623,0,0
88605,512109,13385,50505,0,0
128107,834669,180937,142789,0,0
171252,593749,105941,137637,0,0
145527,400578,37722,81447,0,0
319690,1578710,163097,186431,0,0
352218,832122,419617,486205,0,0
157212,442046,24188,89689,0,0
1559307,5341441,7944,669046,10,0
150102,5590174,0,69022,10,0
1262283,5862382,5208,0,10,0
1033546,4581886,36299,461213,10,0
105958,426593,12711,50922,10,0
2006585,4552243,86513,889789,10,0
1541446,5672263,6940,0,10,0
92684,3536473,19291,47732,10,0
91987,500134,8554,40202,10,0
57900,420610,0,27341,10,0
118851,532117,4061,0,10,0
106192,755403,29100,58200,10,0
113644,709835,2830,53618,10,0
53390,749214,15959,31860,10,0
114809,438643,0,49387,10,0
118427,821472,32385,60336,10,0
119296,608558,10011,55117,10,0
157621,580390,2150,70623,10,0
570218,3930620,119182,287759,10,0
144866,616025,32595,80583,10,0
152137,705507,31107,78815,10,0
71594,692662,1050,0,10,0
739677,1012717,0,325977,20,0
160366,759080,42458,76271,20,0
79689,468085,94200,70957,20,0
118776,588447,5893,53701,20,0
249325,1079742,0,108322,20,0
75749,415463,3564,34071,20,0
1159454,5958152,78211,519730,20,0
481421,4669192,98807,220429,20,0
170459,712884,4488,81723,20,0
45290,599122,78420,52231,20,0
98582,368835,65210,64963,20,0
541472,2703483,107477,264506,20,0
42784,2115550,61460,34489,20,0
103513,421126,29830,48280,20,0
118472,613323,134,52650,20,0
87297,372027,0,38289,20,0
100901,480902,0,43367,20,0
72802,687296,730,33121,20,0
54739,411295,0,28757,20,0
166673,942160,684,73088,20,0
161333,673697,80745,104141,20,0
53748,435383,69428,41211,20,0
196721,1472550,82340,101632,20,0
143783,474295,85542,189490,30,0
310760,5290240,0,12435,30,0
1736358,6806041,750282,3016696,30,0
76062,1167817,4819,843,30,0
101044,671659,88530,109632,30,0
28898,926419,10858,11403,30,0
199794,1209759,922,7826,30,0
1993117,6837380,618098,1178279,30,0
370159,2358946,198793,225439,30,0
154623,1010339,41319,30256,30,0
2118807,3992610,1490762,1814700,30,0
658362,2517523,13944,9963,30,0
1596692,3393584,613,0,30,0
98382,854116,10831,13536,30,0
877276,2463991,0,6521,30,0
988222,2250109,0,10153,30,0
10840,671641,5021,8898,30,0
62366,545231,1341,3980,30,0
1198809,3407274,4715,3665,30,0
93686,835002,5508,6461,30,0
1971073,6082787,0,6768,30,0
52538,605017,33187,26393,30,0
649591,2451461,93237,62739,40,0
453511,1295134,86928,69711,40,0
1520736,5249455,21888,8734,40,0
1300275,4888572,48855,18307,40,0
507638,2899398,16031,28631,40,0
381435,2773605,28263,16977,40,0
40715,556165,0,7935,40,0
36764,392538,1857,0,40,0
87172,412175,1111,0,40,0
111975,385511,24607,49349,40,0
72553,628341,6608,261,40,0
381836,1261610,62523,59702,40,0
919603,1959537,167395,90510,40,0
483797,2564895,67920,89765,40,0
992221,2575287,5984,0,40,0
593463,1959374,18965,22693,40,0
871166,3254497,79335,29043,40,0
868757,4685793,63587,29881,40,0
87945,371273,9555,3220,40,0
661470,3468827,11634,15458,40,0
929890,1304574,189860,61532,50,0
1319551,2325451,9449,19851,50,0
3955808,4201082,91401,177854,50,0
3543868,4676349,16066,16477,50,0
1544646,2440775,7642,0,50,0
1242542,1817827,82041,114186,50,0
2548820,2472897,88211,73418,50,0
995621,1071143,20632,35323,50,0
613210,742640,394669,300435,50,0
815213,1384673,3104,25307,50,0
903513,864082,792,0,50,0
873621,653722,214126,200110,50,0
1041520,1129716,219542,173825,50,0
2147238,2626079,96812,162406,50,0
42016,392967,3545,0,50,0
538261,860254,19330,37046,50,0
794125,908408,223676,237075,50,0
927302,1082586,0,1220,50,0
730043,566844,53231,55554,50,0
1853847,1777517,3973,27112,50,0
617302,945786,136749,312974,60,0
1976275,2372586,6195,8437,60,0
329993,864814,8924,0,60,0
731601,905503,378878,556343,60,0
729622,916664,56168376,157478992,60,0
308158,545049,48238040,135232416,60,0
823709,890532,40182044,112662488,60,0
867893,883007,30545094,85635840,60,0
1631440,1746868,24655572,68317920,60,0
2777430,3697786,15610608,43803132,60,0
2242194,2536343,14085183,38036336,60,0
649293,860656,9895749,27741412,60,0
1036260,1720344,7990670,22412026,60,0
1214111,1524633,8574380,23412140,60,0
95458,1246271,7519139,21109420,60,0
339145,557006,835648,2347621,60,0
1671499,2580846,598945,1677626,60,0
835617,1596403,852570,2048575,60,0
733465,931987,749405,1407811,60,0
584978,826687,173694,445479,60,0
917547,1154144,100264,265119,60,0
1511982,1570296,9368118,1875259,60,0
369679,344306,3886311,794664,60,0
631164,514016,1774761,571577,60,0
2784396,3450417,1535638,2504481,60,0
1438119,1835538,89896,17672,60,0
1176242,1360398,541858,631691,60,0
856215,1247000,11530,9656,60,0
2103581,2256918,8902,10268,60,0
662906,669556,9064,12249,70,0
1607455,1604331,0,8317,70,0
1750763,1973567,1407,2282,70,0
492932,527979,215533,294055,70,0
321856,391610,39922,30653,70,0
1081331,1245764,24570,4988,70,0
1714115,1811467,12807,4296,70,0
1013377,1006236,858,0,70,0
1200122,1536911,35249,31442,70,0
1555657,1654903,60128,29706,70,0
279179,491634,1247,2482,70,0
1213926,1316049,8652,8921,70,0
1186566,1382822,6679,3984,70,0
993169,1218393,13100,2347,70,0
1135624,1227275,17236,0,70,0
809497,987009,117183,76272,70,0
1121160,1296046,8045,30269,70,0
396748,567649,19625,37485,70,0
403312,541920,14938,15406,70,0
353254,517714,31220,17361,70,0
955922,1183032,29730,25099,70,0
1505238,1816378,28670,659,70,0
985079,1064152,20551,11640,70,0
1318435,1602627,42832,22758,70,0
406242,475919,8468,16814,70,0
1003322,1049465,400092,355680,80,0
2181247,2213295,58583,54296,80,0
417038,450202,161186,254527,80,0
174906,302086,10873,3659,80,0
447567,462684,38000,75222,80,0
692969,749530,116204,80940,80,0
603653,617551,10279,19643,80,0
985719,1049529,180594,260626,80,0
382691,398682,1061,0,80,0
1060364,1046308,22778,12617,80,0
387352,456798,10691,24544,80,0
1024507,1099869,41884,38123,80,0
1002125,804471,45618,26053,80,0
542936,660639,28777,22128,80,0
1133242,1191696,634594,972971,80,0
560077,574060,410474,469682,80,0
1128069,996935,52931,75950,80,0
1507612,1645672,56396,56485,80,0
208351,269415,8100,0,80,0
2897336,2526117,141410,119544,80,0
3372829,3684899,130435,146884,80,0
384133,633538,15095,5813,80,0
2200756,2424877,0,22955,80,0
2048901,2008367,35269,35904,80,0
1787878,1781786,12860,11722,80,0
729986,757725,42220,66561,80,0
2150012,2107658,818758,1227559,80,0
247299,463694,52438,112277,90,0
1106984,1241824,377,4674,90,0
1943235,1880604,1242950,1382554,90,0
564094,566347,57066,49201,90,0
1761364,2002412,617,471,90,0
1376855,1326503,8921,13080,90,0
1321544,1447713,4925,0,90,0
357506,387540,147306,237974,90,0
28410,18376,661083,1021993,90,0
1404358,1365884,65317,47708,90,0
419432,433496,16335,35691,90,0
505264,540475,17366,16453,90,0
1088682,1210339,11789,16032,90,0
3521502,3740664,25691,15184,90,0
1068443,1015765,715087,765709,90,0
468532,464709,8516,13249,90,0
1247690,1311968,19112,15458,90,0
1182842,1197524,11449,15947,90,0
2928638,2809791,490438,1146701,90,0
1438964,1362401,0,1364,90,0
1553857,1464733,0,9352,90,0
443156,462040,46921,60775,90,0
1248911,1165677,4930,5538,90,0
511849,547503,68267,67858,90,0
824980,805281,17869,21191,90,0
1010633,1129548,2701,0,90,0
2770,4420,536558432,0,90,0
950735,890924,21445,33454,100,0
492273,570040,21171,18832,100,0
389175,634099,4231,451,100,0
1330004,1297317,17363,18371,100,0
952993,903408,897,0,100,0
634793,602356,5618,0,100,0
477979,610901,0,1121,100,0
733485,890178,15308,14169,100,0
1530845,2226187,31010,42120,100,0
341159,359971,7528,25224,100,0
2737107,3561633,176751,155112,100,0
444108,551821,30839,0,100,0
1292330,1334122,0,9886,100,0
1054457,964032,776121,654604,100,0
914519,960011,20053,21830,100,0
496620,480246,99248,83746,100,0
811589,844340,61633,67332,100,0
2157384,2402903,20623,41111,100,0
641190,628321,512,26345,100,0
2318904,2272268,2964,5898,100,0
836289,788994,9823,11794,100,0
383275,412010,4525,8355,100,0
1528887,1415871,3216,0,100,0
3145020,2975895,104675,55185,110,0
1278124,1372058,7891,18958,110,0
1313791,1405934,334401,466153,110,0
1865192,1637922,526378,335804,110,0
530910,370753,0,5460,110,0
1647214,1702283,9263,5153,110,0
669237,672082,7050,2168,110,0
713199,537765,330492,470432,110,0
812672,575194,7240,20689,110,0
1369620,1141635,7252,2241,110,0
1176749,964119,2353,0,110,0
2276561,1712256,22594,24531,110,0
769396,442064,0,5665,110,0
1957919,1703728,2553,0,110,0
589144,725552,17531,25829,110,0
1314974,982231,17894,3085,110,0
705276,595911,9654,18660,110,0
766305,856063,2789,0,110,0
929222,703432,405022,558863,110,0
1232294,930982,0,3896,110,0
1342505,685686,2579,0,120,0
1574831,1514566,167444,598362,120,0
2320694,1557569,1813,0,120,0
923910,639657,176446,123834,120,0
1504898,1507716,24878,23341,120,0
1652248,547442,5545,0,120,0
776110,652270,190561,115092,120,0
2093114,1668688,101857,82971,120,0
1690870,6124523,146505,71365,120,0
1520668,1265569,0,271,120,0
1859600,1163370,211701,144675,120,0
652133,435780,77400,52345,120,0
867646,489880,166215,101420,120,0
355080,39104,23952,20545,120,0
1284676,505252,24455,16007,120,0
438645,884447,71013,59906,120,0
442500,436083,5191,7761,120,0
1416928,1874578,105449,48870,120,0
2100000,2738982,5431,13834,120,0
1120710,992241,22890,33203,120,0
526672,139904,20097,0,120,0
1510902,1255648,3562,9405,120,0
507392,462311,0,2523,120,0
1393223,1722732,86047,97218,120,0
523612,383672,166637,159427,120,0
2277113,1750390,165956,100122,120,0
457445,294026,9527,0,120,0
715877,448156,374,0,120,0
7102094,7703420,12961,20245,130,0
8003711,7661932,6688,5472,130,0
8148915,3530363,32505,25114,130,0
3481570,1939747,26189,44754,130,0
8056130,4430053,16301,5833,130,0
8135565,4144536,0,8831,130,0
262187,373633,960,63053,130,0
4406040,3605517,32825,13150,130,0
3716533,2600891,39154,25918,130,0
5169900,178624,28504,62187,130,0
4653300,2659029,24047,16667,130,0
3168585,2676394,0,3432,130,0
1579362,98263,2602,1962,130,0
6931635,2851157,19129,9592,130,0
1221238,502957,34956,30784,130,0
3765835,1835405,95142,442903,130,0
2620849,1170258,55164,55701,130,0
7685956,2219500,19683,35480,130,0
4619217,2772781,7059,8335,130,0
3401593,2294970,1085721,1359449,130,0
915655,1230652,15621,0,130,0
7700588,2637324,2390284,2019753,130,0
364719,448793,10014,738,130,0
4480169,487081,26932,24059,130,0
1740183,1354579,34868,16867,130,0
5987498,2263818,6450,15804,140,0
4143374,260444,0,4999,140,0
1641407,958120,14331,1928,140,0
1745781,1034243,850624,953350,140,0
2633746,2763124,15336,6914,140,0
998139,713176,1195313,657126,140,0
2791635,886525,10263,3693,140,0
2777317,2835167,16570,22270,140,0
3710945,1415241,0,4128,140,0
3338214,1950485,11611,7103,140,0
3773169,1715256,0,17860,140,0
1218481,1495172,66892,79407,140,0
1470681,1861428,1966,1733,140,0
1045427,615023,13477,2923,140,0
2175219,1818900,4359,11708,140,0
972491,648216,0,1131,140,0
3650792,3352909,2841689,2857098,140,0
2409314,1714300,1534,0,140,0
1086164,543116,2722,0,140,0
1677810,714908,765287,693594,140,0
1469609,1010095,9964,1019,140,0
832118,671745,706977,406306,140,0
1775553,1985685,19825,28685,140,0
729864,696799,0,7637,140,0
784680,579372,480809,577893,140,0
2688991,2249927,20946,15722,140,0
4190662,3271396,1633613,2358524,140,0
985758,592941,396197,918345,140,0
0,7807,1176541440,1984236032,140,0
145202,154577,160033,310641,140,0
313536,437774,188620,164663,140,0
933410,338693,116321,48918,150,0
551673,92862,5350,22349,150,0
597540,106438,60034,31560,150,0
395839,90496,8519,0,150,0
353481,56533,3702,4358,150,0
1087249,162306,35312,39793,150,0
323989,140738,66964,77355,150,0
467822,66889,20353,597,150,0
268571,223071,139379,153183,150,0
73639,373842,4827,5810,150,0
5417585,1688063,65785,19500,150,0
511066,75279,66953,57696,150,0
390522,137566,101047,53547,150,0
185671,183310,186363,268290,150,0
3847989,1676443,16753,797,150,0
8258287,3799267,16916,37560,150,0
8296860,7835379,53602,9931,150,0
7957434,4084637,24808,0,150,0
1347168,16628,12451,16317,150,0
1466876,89397,0,4114,150,0
3548435,1252256,19648,7009,150,0
8295783,4750987,12589,1608,150,0
813132,12823,11849,0,150,0
8250430,4973605,0,13968,160,0
5157983,2787414,0,15898,160,0
3180377,667739,298141,9574,160,0
6891079,2239059,975671,30200,160,0
6673224,1142374,510655,36933,160,0
6120319,2350014,1013571,3032,160,0
2985,234887600,548046923,1679014016,160,0
7563483,2738590,0,14463,160,0
5475213,3354899,0,10918,160,0
6326851,1090309,470301,3732,160,0
5545621,1351807,682340,176156,160,0
4969339,444002,195025,42270,160,0
8011464,2876456,1235621,0,160,0
5588929,1743050,753126,33908,160,0
359561,83567,42409,19109,160,0
3738956,2944632,1266888,25489,160,0
3595639,1173072,535445,83026,160,0
7248336,3545485,0,18954,160,0
7970343,917916,0,18538,160,0
6465746,1136083,0,13215,160,0
1071059,435191,189991,4865,160,0
403202,20034,14209,0,160,0
6318122,861686,383227,22837,160,0
3197406,5379182,12419508,5828835,170,0
393002,2518896,5786765,2728923,170,0
394143,941540,2079674,949155,170,0
4052991,1050926,1218451,489400,170,0
2764135,522250,660592,242765,170,0
5374423,577093,437579,96480,170,0
4580641,932749,524624,62563,170,0
3843504,686898,340300,30985,170,0
4474416,840241,385339,30364,170,0
2934747,757261,384908,153844,170,0
2608109,589709,273870,26077,170,0
1930629,415738,261640,63060,170,0
3828609,761845,343117,0,170,0
631310,108317,52059,0,170,0
2124390,14111698,32169644,24167588,170,0
947248,1340547,2471371,1753729,170,0
1329825,691341,1331990,953803,170,0
2400976,618827,775519,491780,170,0
685020,321890,439352,273762,170,0
2095954,873001,525229,154963,170,0
1348892,305711,294635,297668,170,0
17718,2532,0,325922208,170,0
38499,0,367534,440653,170,0
637707,24995,38024,0,170,0
961961,271540,0,9058,170,0
1756408,290226,125890,0,170,0
761833,207935,101272,0,170,0
3031254,4788214,2061848,4109,170,0
864535,129736,67640,30170,170,0
3547062,797820,365090,1562,170,0
1775664,383894,183813,0,180,0
496468,53050,22816,0,180,0
561199,214550,248430,405405,180,0
8128206,2249957,1003109,67338,180,0
375665,52539,0,2697,180,0
1258800,15496,0,9328,180,0
7761140,1656892,1450221,2725598,180,0
4981613,1093847,487945,18988,180,0
596443,107845,66577,9164,180,0
333085,92186,105371,89739,180,0
524997,84065,84479,111387,180,0
397690,70757,64981,54044,180,0
4069,381680484,890577048,0,180,0
1608417,359719,211608,53134,180,0
950237,420255,219113,83675,180,0
586538,146249,64763,25448,180,0
767363,48233,28631,30276,180,0
7591054,6603204,5510110,7201571,180,0
619474,76183,35587,18184,180,0
572316,343458,168741,44554,180,0
6695208,3125649,1354489,1689,180,0
566399,230421,0,7941,180,0
748,173866513,405685840,665928256,180,0
1777151,1171783,549770,310385,180,0
6794007,3360840,1459063,34261,180,0
3804193,1441601,621826,8984,180,0
158717,1050643,0,70447,20,20
235839,1328794,27942,126743,20,20
35614,382429,23762,43923,20,20
139481,839993,46626,60730,20,20
226234,1420873,47624,108836,20,20
194192,1277137,0,92700,20,20
413218,1159146,0,198973,20,20
83771,937774,0,42349,20,20
168529,1106856,72590,91406,20,20
167514,1403065,32770,77574,20,20
272054,1413294,37265,143760,20,20
203587,1097944,0,104309,20,20
214815,1369062,14285,116476,20,20
227540,1422948,351,104830,20,20
168964,937409,1452,81404,20,20
219253,1341130,0,103040,20,20
166875,804994,41538,79264,20,20
129581,539187,9730,58263,20,20
113854,815243,14299,55790,20,20
167098,1289645,42208,120355,20,20
162236,1059743,37255,81070,20,20
262538,1328124,21343,133805,20,20
309036,1347587,0,2095,40,20
276956,1093967,168876,289262,40,20
284923,1312391,205570,452333,40,20
166112,690606,3368,11461,40,20
220592,1435310,9463,15854,40,20
333383,1634423,41678,44327,40,20
316336,1356950,113,80378,40,20
285612,1201334,288385,403753,40,20
188386,672803,41438,56614,40,20
288195,946515,7065,0,40,20
150363,825368,16784,13385,40,20
315375,1168957,24055,53863,40,20
262178,1301533,204781,317796,40,20
355458,1547754,12668,19328,40,20
269154,1299883,246271,560120,40,20
327908,1324066,188053,557099,40,20
187450,706074,15163,16552,40,20
249295,1465406,2205,27040,40,20
346324,1654945,208894,381366,40,20
264871,1149564,127894,266362,40,20
281353,1342076,113645,264413,40,20
247271,1327366,8084,41593,40,20
199191,705626,0,5676,40,20
142437,636177,5604,0,40,20
255633,1311254,45111,11879,40,20
222961,1334183,138261,334301,40,20
16774,300177,7893,0,40,20
263544,1469955,318082,576984,40,20
154482,747799,1222,8212,40,20
321715,1291324,6731,46018,40,20
228260,314362,20867,19654,60,20
164815,538582,0,3052,60,20
297360,773798,12532,69260,60,20
268603,834987,316049,374714,60,20
313655,1053767,9006,0,60,20
314798,1057692,1515,2673,60,20
246414,820158,27211,25550,60,20
298969,923757,17810,3453,60,20
185675,746211,0,10252,60,20
253225,1151511,18182,0,60,20
213792,812615,32049,23631,60,20
286857,962483,0,12211,60,20
144359,464653,75658,74142,60,20
261415,699475,0,12431,60,20
235489,768138,13205,58649,60,20
397461,1114552,4972,18814,60,20
191161,769674,0,82344,60,20
395363,1010865,46270,103028,60,20
229464,796742,740,29123,60,20
244438,1013681,5947,0,60,20
278311,899721,35854,34819,60,20
208608,779685,0,13388,60,20
375148,937636,0,26044,60,20
277620,834402,0,19236,60,20
108688,444652,0,17053,60,20
61316,127509,193745,251795,60,20
203675,262810,193158,197170,60,20
293859,549153,59165,80860,80,20
440998,541177,21507,34011,80,20
362512,495484,24961,54696,80,20
425041,579156,47474,41612,80,20
571356,699235,211514,363513,80,20
392845,478681,187570,278867,80,20
542442,724336,19322,21556,80,20
415546,577514,0,29067,80,20
542057,674897,5011,0,80,20
412669,496742,49033,92898,80,20
508008,688960,8262,27216,80,20
445951,546683,142281,258264,80,20
435527,604332,8525,27701,80,20
441886,516174,15605,10304,80,20
210540,282466,1439,23227,80,20
378820,503928,17455,13528,80,20
384735,532366,47836,44225,80,20
425951,570413,130656,305956,80,20
408273,488635,5189,1585,80,20
510186,663559,0,13061,80,20
293316,332434,70148,52758,80,20
436647,585385,51234,6519,80,20
367870,454404,11562,31255,80,20
505513,658075,1673,1471,80,20
421296,530704,383040,379542,80,20
389494,513286,19169,12504,80,20
394845,492711,239827,589739,80,20
355160,501098,40849,61379,80,20
368248,389432,8426,4330,100,20
491618,519083,32347,59139,100,20
492666,524673,0,8984,100,20
271016,305938,78835,80838,100,20
337559,368589,297027,277380,100,20
471708,522826,2579,0,100,20
406983,465469,426245,428593,100,20
371500,430333,81340,31907,100,20
296561,343793,0,19728,100,20
280841,353916,2762,12365,100,20
371515,422078,0,18813,100,20
273568,293796,28169,31839,100,20
371068,460307,20077,42143,100,20
411290,519234,34889,33020,100,20
487428,548620,52979,9568,100,20
373483,411817,21676,24799,100,20
250339,287315,5949,13725,100,20
353252,388281,3690,3714,100,20
415510,450846,933,45360,100,20
379006,431432,0,11303,100,20
417777,461717,0,79867,100,20
348875,434118,0,18666,100,20
410769,474693,8449,23066,100,20
418398,442144,19560,15352,100,20
503923,507248,27346,90538,120,20
355082,528643,134757,339893,120,20
377356,392901,12190,18641,120,20
40673,296930,27687,26741,120,20
363308,282682,184746,167848,120,20
357066,279289,39520,16659,120,20
587126,501670,10183,0,120,20
424413,287289,38692,43887,120,20
501773,347942,0,45656,120,20
493869,318208,253318,253951,120,20
393401,297111,30921,7979,120,20
596718,391698,4015,0,120,20
433156,271947,29616,2330,120,20
511363,403464,72121,92232,120,20
468654,312499,236593,297432,120,20
340414,347046,44396,56836,120,20
598797,306209,11243,14786,120,20
566256,402017,200166,278556,120,20
124560,306231,19521,67223,120,20
500706,365295,90146,142673,120,20
474119,315105,40650,36073,120,20
335676,214584,4950,13094,120,20
662505,473564,1802,1654,120,20
552058,418779,97033,166393,120,20
187011,395501,0,30958,120,20
412638,211722,9299,17820,140,20
497454,273981,0,2967,140,20
985403,401680,20279,23647,140,20
1021091,393229,6229,5491,140,20
885215,351193,132641,224211,140,20
727827,307164,234470,589144,140,20
808902,238776,0,13666,140,20
912082,387157,19235,53620,140,20
905073,374507,0,16260,140,20
878898,328890,18922,8593,140,20
547622,374205,5892,29011,140,20
395334,211772,6404,4864,140,20
535899,340539,10086,22244,140,20
917525,360249,34299,12715,140,20
1063105,430185,15144,0,140,20
765215,296968,32724,39642,140,20
815015,301469,3220,3828,140,20
667104,284970,89558,96796,140,20
573394,202282,2103,4933,140,20
650582,250032,1508,5984,140,20
852130,315803,28434,3403,140,20
683452,255666,1657,0,140,20
751807,273424,24103,0,140,20
708546,256719,0,42868,140,20
441452,189487,20994,28221,140,20
1043652,339085,23749,45683,140,20
446973,154728,100536,53914,160,20
906025,235376,0,10930,160,20
960540,211856,91490,5712,160,20
1366794,255662,144356,74725,160,20
937239,162306,72542,29456,160,20
1132642,254875,119115,133222,160,20
847934,154295,72692,5871,160,20
1245540,261081,114837,0,160,20
980026,225386,123878,90699,160,20
838474,279392,284913,226552,160,20
633205,156879,81317,13229,160,20
1336296,240906,126192,156585,160,20
984053,247181,0,135451,160,20
1255243,255737,130115,103201,160,20
340021,45149,43727,10315,160,20
1007678,187783,86803,0,160,20
1268068,223111,115734,6998,160,20
1133460,195848,94807,15465,160,20
1185974,259461,248243,329229,160,20
917104,191840,104997,21572,180,20
1009754,198299,102481,2850,180,20
691715,239304,113027,45198,180,20
816770,215533,93979,46257,180,20
1062103,329873,261451,254211,180,20
918189,253331,184728,150140,180,20
1132769,264249,113292,0,180,20
415993,41041,50816,74372,180,20
825115,373907,0,2573,180,20
1015133,243082,105864,3316,180,20
943074,271759,302495,421393,180,20
980246,268609,263183,577352,180,20
481370,188198,83292,63021,180,20
889990,223398,215008,447703,180,20
570654,155300,99694,28333,180,20
1030891,331208,0,9955,180,20
926447,180020,91861,0,180,20
1166560,315239,262488,608583,180,20
328994,60746,49940,90645,180,20
1040054,280364,124676,0,180,20
917979,305038,0,33602,180,20
1008125,212188,92843,0,180,20
506200,195012,94708,20447,180,20
926470,210550,100792,0,180,40
631744,286131,238381,259035,180,40
477835,129541,73594,69662,180,40
838306,238101,107037,0,180,40
813830,305000,140148,47842,180,40
646458,203601,101770,42736,180,40
887770,299061,154712,85376,180,40
394038,103093,103207,48808,180,40
765460,134138,61275,24197,180,40
809841,368136,0,3117,180,40
829467,237536,106848,0,180,40
669802,223895,105840,59880,180,40
781430,192971,85237,32282,180,40
621304,190751,82240,14074,180,40
439257,190080,94702,101205,180,40
704587,191225,101022,33424,180,40
815639,261072,0,20463,180,40
681674,205737,142675,278006,180,40
762518,278182,187772,250321,180,40
325959,17849,11221,19002,180,40
627212,229671,0,17089,180,40
807612,312262,160353,58062,180,40
699266,244716,121016,87492,180,40
704001,276434,166653,162289,180,40
730166,295454,247666,298517,180,40
817333,270544,126930,39029,160,40
818685,330958,215188,245467,160,40
868533,304002,156614,61990,160,40
792047,223138,101145,5204,160,40
894896,373255,269694,514554,160,40
376484,259558,147249,123308,160,40
722250,278615,127480,0,160,40
922457,273564,152801,3470,160,40
821746,202230,95346,0,160,40
964764,304418,136779,8775,160,40
328105,253910,136705,63713,160,40
479724,239452,117278,36583,160,40
496458,154564,72119,39657,160,40
641025,442397,0,6819,160,40
775675,288971,143367,597,160,40
668014,296359,203173,257324,160,40
687607,241612,189093,522537,160,40
777851,246692,127974,0,160,40
415560,254989,119657,48091,160,40
779493,206266,93875,0,160,40
808184,360957,317469,418816,160,40
541513,290655,0,7273,160,40
782195,305353,190347,416669,160,40
612649,260660,132142,0,160,40
704702,193233,180936,446500,160,40
343174,136859,63142,31051,160,40
549224,293637,234058,343302,160,40
686511,324543,326699,669271,160,40
295791,122320,60740,59521,160,40
666702,338891,1096,0,140,40
387667,205598,25065,0,140,40
585202,287708,3462,1643,140,40
354438,281240,50569,33357,140,40
514435,400107,0,5727,140,40
615260,329360,9691,3405,140,40
680990,349604,16282,41247,140,40
638658,389183,0,19455,140,40
567767,322123,58428,46774,140,40
715756,503760,1520,37804,140,40
588081,312880,13366,26741,140,40
551659,392905,53890,61639,140,40
360933,248284,88943,173918,140,40
618003,372339,50055,165749,140,40
747296,387800,15050,39610,140,40
620927,228421,17921,30260,140,40
706822,429002,2930,32103,140,40
373501,335794,10494,0,140,40
611650,356805,9590,16855,140,40
749738,357891,22247,0,140,40
631329,272816,66676,85692,140,40
711977,417704,995,2591,140,40
644705,388567,8274,2960,140,40
428597,272967,36473,21128,140,40
74195,312643,97882,66241,140,40
55195,129898,100881,355240,140,40
686592,380292,55291,52342,120,40
445993,401654,79684,91778,120,40
419004,356681,0,23766,120,40
509984,226425,9631,0,120,40
516279,357801,0,5111,120,40
337260,280662,16118,72011,120,40
453877,391391,45829,13244,120,40
442343,410086,178115,338368,120,40
305810,290026,83594,100983,120,40
379628,228468,13866,21837,120,40
351623,419798,14371,10369,120,40
471930,426692,20591,55438,120,40
299339,461138,21717,11364,120,40
462231,406245,215167,256523,120,40
387947,321552,204167,200164,120,40
501672,428507,195540,153962,120,40
365173,388837,182370,288903,120,40
440058,311493,209635,435767,120,40
481103,448884,25455,21362,120,40
319489,228642,37082,66421,120,40
406134,451736,1839,0,120,40
432397,382056,0,18754,120,40
463161,456782,1632,14424,120,40
453726,538474,13940,11212,100,40
338503,411247,55058,24711,100,40
268295,379732,0,4503,100,40
189194,272038,29398,40334,100,40
410269,479711,37974,41337,100,40
308902,377269,0,5725,100,40
408998,479272,77,0,100,40
386855,457085,223,9438,100,40
367269,408992,3506,0,100,40
463202,509006,0,12697,100,40
369423,451976,32041,39762,100,40
384970,509096,18678,26452,100,40
495199,501878,19952,21115,100,40
445468,448426,10442,16458,100,40
480251,545102,10810,6765,100,40
503636,544469,14921,21721,100,40
511729,522090,23252,11306,100,40
411233,424438,58327,95372,100,40
485606,509280,6533,0,100,40
339929,377929,715,30926,100,40
482935,574848,0,18632,100,40
387835,463551,7471,2108,100,40
364615,406804,12223,21473,100,40
155426,241993,10262,0,100,40
217689,299053,12815,61641,80,40
373585,466137,16439,15952,80,40
491376,570914,6649,24793,80,40
369840,439082,61306,154996,80,40
468375,644607,16710,0,80,40
202643,272110,16563,27729,80,40
328602,418458,0,5705,80,40
418066,496747,66147,43426,80,40
396306,516894,5998,12375,80,40
231945,300167,20154,6179,80,40
483124,598597,12190,23893,80,40
331672,451117,8789,4019,80,40
542051,633315,27470,49634,80,40
442127,554318,13175,0,80,40
459835,622345,11810,0,80,40
388189,489588,66925,48901,80,40
212713,275501,10684,1854,80,40
257907,349068,19545,35956,80,40
438194,554187,22680,34253,80,40
386458,500545,12719,25681,80,40
507143,642075,486,41400,80,40
258602,392414,41304,561,80,40
407445,495145,0,17740,80,40
518073,627356,59693,37297,80,40
199265,530795,4029,0,60,40
216141,771050,306282,256374,60,40
320280,829319,35420,63607,60,40
211338,596016,41774,39775,60,40
442385,769290,23206,7838,60,40
235225,796755,38422,19855,60,40
225588,711025,4033,7700,60,40
164266,315618,0,4957,60,40
188838,684832,0,12209,60,40
187176,625502,2254,0,60,40
240902,672751,4092,20331,60,40
325239,805121,41387,36658,60,40
275163,844043,4146,8685,60,40
275282,573497,6319,0,60,40
249076,719482,5977,0,60,40
256777,677312,7854,0,60,40
264948,651842,25372,30810,60,40
339402,778449,69489,93741,60,40
254673,593488,31178,16226,60,40
126922,368431,12445,10167,40,40
341824,653944,7107,0,40,40
335976,804022,0,50592,40,40
194752,822948,8950,0,40,40
333201,789192,37751,61587,40,40
267329,867591,22649,8338,40,40
309374,938660,21063,24482,40,40
187495,678231,3872,10581,40,40
236285,565818,30758,3064,40,40
329977,844719,24845,22491,40,40
269579,833252,20699,18236,40,40
200517,714155,20265,1708,40,40
286185,990385,5612,5114,40,40
176140,725694,21407,9029,40,40
297843,852361,0,35330,40,40
349056,683782,49102,52574,40,40
226954,644355,1951,20922,40,40
385985,808471,0,4104,40,40
242773,864184,0,141,40,40
307425,851632,0,24454,40,40
350152,769337,0,16057,40,40
237319,702135,33109,25942,40,40
252098,593663,11192,29318,40,40
95662,473346,1301,42201,20,40
226612,965995,0,98068,20,40
229779,873679,0,100735,20,40
248595,756668,25659,111935,20,40
388813,734108,253020,474035,20,40
229730,707103,26028,124954,20,40
469442,877263,355921,589507,20,40
150660,651834,39840,77825,20,40
239286,758468,36528,104876,20,40
198874,738773,13975,94048,20,40
279413,806757,252702,389688,20,40
441581,870397,307651,613658,20,40
224943,815107,32111,104873,20,40
357484,710213,323610,445800,20,40
183811,720953,17223,82179,20,40
392524,815515,353056,523516,20,40
323943,598196,242970,417749,20,40
349834,796138,179914,377914,20,40
324287,728895,206793,353941,20,40
318539,868802,198888,383013,20,40
259533,754226,1271,0,20,40
342906,754501,233510,445544,20,40
328439,818323,191583,452755,20,40
271445,625957,4660,122371,20,40
242444,898987,0,124847,20,40
368273,869931,185618,445368,20,40
213297,768476,17224,114044,20,40
202155,613706,0,112624,20,40
135262,386785,55920,85076,0,40
290122,993560,27439,141812,0,40
136818,345225,13065,0,0,40
250737,894862,29433,143757,0,40
225272,509095,762,101202,0,40
118392,360808,0,62320,0,40
300583,857843,18751,150470,0,40
267651,690795,15075,129880,0,40
325062,759672,3297,0,0,40
229220,690797,37693,127938,0,40
322773,928474,47182,168395,0,40
159737,384165,726,0,0,40
263871,951377,72206,196805,0,40
261794,826500,45034,172652,0,40
301913,843265,73569,176338,0,40
193696,751484,10453,86751,0,40
252545,30361,273516,565339,0,40
253632,877580,0,113657,0,40
169237,736599,5540,87450,0,40
227225,824667,0,102343,0,40
245162,892969,11169,110280,0,40
148582,474414,10827,66612,0,60
136069,567432,58134,93867,0,60
186203,381282,47986,112809,0,60
172445,336762,31791,81658,0,60
174860,399496,19068,97455,0,60
236207,590684,0,102380,0,60
219232,384561,0,107733,0,60
266365,605205,31375,0,0,60
439904,646295,475780,572292,0,60
150394,478256,0,75436,0,60
142068,541830,0,69065,0,60
317210,531849,156741,365852,0,60
208151,397140,79133,133160,0,60
170330,479888,4321,77500,0,60
204131,453275,19197,0,0,60
176045,325931,51474,105899,0,60
277325,782988,19895,138797,0,60
199199,471622,57671,104974,0,60
149104,328159,9547,77453,0,60
126492,51993,124938,246860,0,60
132080,27436,104729,246204,0,60
228934,508299,63753,119340,20,60
228985,647762,66108,131468,20,60
371903,635579,5762,0,20,60
324580,509945,364608,407150,20,60
299208,630282,254299,330699,20,60
250157,648447,43627,136900,20,60
242505,461971,6290,0,20,60
251862,629993,18357,127872,20,60
159220,556636,0,68293,20,60
174428,618458,52785,89165,20,60
268379,674157,17929,132872,20,60
236229,496344,224498,278748,20,60
322324,601742,11646,0,20,60
162528,480531,30387,84150,20,60
347608,600749,5075,0,20,60
182275,546787,14161,101981,20,60
234168,679098,0,101624,20,60
299240,642423,10413,140544,20,60
132550,415056,0,60357,20,60
247419,675735,0,109564,20,60
330133,702550,68520,204712,20,60
303344,665955,0,136285,20,60
246204,776113,0,118050,20,60
15101,21556,389673,412547,80,60
397383,490418,41981,43869,80,60
471355,559257,39867,0,80,60
330070,381004,1504,19136,80,60
415760,471990,13428,58522,80,60
382245,447805,12281,6130,80,60
432593,525233,21359,0,80,60
484110,531622,5295,53430,80,60
308225,352041,19783,0,80,60
411926,475379,49930,172085,80,60
411359,473022,11067,12376,80,60
465594,517706,117719,221730,80,60
425706,579982,1747,6715,80,60
481842,598175,16824,0,80,60
72097,44902,83194,251849,80,60
450262,553903,16919,0,80,60
368836,435686,8896,9582,80,60
411408,521381,195133,221734,80,60
457718,537165,5882,37570,80,60
368634,467092,69351,73340,80,60
474140,568169,8097,19500,80,60
338223,396649,547,0,80,60
441537,559922,85275,103711,80,60
180580,344768,11050,29925,40,60
267186,443066,14661,14871,40,60
318305,488648,43714,19046,40,60
318439,559422,26201,0,40,60
427901,657963,289,2448,40,60
309191,575257,2213,16557,40,60
294774,494721,7349,28895,40,60
347057,625298,0,10982,40,60
196710,374311,20125,15150,40,60
251397,455974,16993,51196,40,60
416953,593227,44990,21078,40,60
402406,590816,33189,70547,40,60
420341,559065,555,0,40,60
127468,354369,15447,7208,40,60
430910,628386,20481,61852,40,60
388872,596944,49080,53484,40,60
382471,565512,0,14187,40,60
349588,649076,39795,33358,40,60
329711,379815,4268,0,40,60
468931,661845,0,69441,40,60
255241,444810,24213,0,40,60
285188,476088,0,42180,40,60
89517,279178,0,10546,60,60
364753,648388,0,5582,60,60
205374,336415,13815,25338,60,60
358152,639966,40732,26102,60,60
380278,720365,206,0,60,60
249241,610977,21078,24307,60,60
238971,698187,44951,33671,60,60
431969,735733,8451,9745,60,60
264168,574694,0,14736,60,60
275770,615642,0,2257,60,60
355635,586171,0,5859,60,60
327695,483591,20431,360,60,60
154726,368821,25671,37006,60,60
297373,709773,51625,123044,60,60
300827,423537,33058,32482,60,60
297108,619785,160077,259369,60,60
356976,723899,255988,479535,60,60
348629,586716,140280,278210,60,60
341408,555363,1907,32829,60,60
251866,692319,16342,30234,60,60
353093,623619,19836,16780,60,60
426074,812499,28354,24857,60,60
269311,314071,16966,57794,80,60
154892,262923,37930,28683,80,60
390243,434117,53045,0,80,60
383435,453618,599779,544894,80,60
375096,500489,8819,115674,80,60
397151,490455,1198,0,80,60
270167,303972,30858,62111,80,60
371050,386470,0,20584,80,60
327547,433379,28707,40787,80,60
343859,418057,8932,0,80,60
302182,380333,4425,0,80,60
278895,356508,5775511,30783672,80,60
375807,434123,626973,3306646,80,60
378734,485028,62584,298254,80,60
235402,305003,33329,0,80,60
267221,370477,115980,85926,80,60
423802,486083,20849,19445,80,60
436451,505122,10801,1805,80,60
476588,546484,19514,14579,80,60
157865,231018,93460,88907,80,60
394756,435250,395882,493984,80,60
70362,78700,1033564608,2089561984,80,60
169816,230719,74322,152083,80,60
373442,469852,17404,0,80,60
357233,465638,87574,113209,80,60
13689,9537,968784000,867267392,80,60
415424,457315,0,11354,100,60
370666,368505,32185,13286,100,60
511695,512751,5730,23966,100,60
357279,383794,10610,33209,100,60
461360,544716,11016,11020,100,60
432083,473907,295336,348390,100,60
335824,359007,157458,262314,100,60
40118,29530,0,631464960,100,60
380655,391993,82399,92645,100,60
505296,513196,33139,66201,100,60
467840,562109,134043,64305,100,60
334160,353795,244396,281631,100,60
441202,463376,8971,48525,100,60
373914,422588,20501,10117,100,60
357240,385314,24878,24975,100,60
339112,389678,5737,24738,100,60
417942,511665,201905,135151,100,60
430701,479689,43812,31708,100,60
377399,457520,44345,12599,100,60
431844,496436,73284,75851,100,60
507491,568357,329574,318391,100,60
460124,487794,334383,551622,100,60
452673,389729,234086,397616,120,60
364547,294831,21290112,5847164,120,60
395958,419980,13062953,3722277,120,60
479209,521411,1437868,430003,120,60
450728,435241,148320,27752,120,60
536667,527769,36136,40679,120,60
16607,17923,0,403123232,120,60
538061,520934,25784,7192,120,60
349374,376315,17724,37946,120,60
501315,497411,5718,12526,120,60
13151,8773,0,274393408,120,60
437117,548958,33686,24206,120,60
352483,501455,0,42544,120,60
400543,384495,3802,844,120,60
258239,412034,26268,23623,120,60
32484,8385,0,1050065984,120,60
251944,506070,20249,9867,120,60
384857,426245,12947,762,120,60
467881,449876,270828,376301,120,60
21222,4484,0,465626880,120,60
302762,329232,21809,24517,120,60
408162,428153,308894,427374,120,60
553656,502971,418519,558141,120,60
186691,315739,62871,37536,120,60
334968,554162,25788,87645,120,60
518909,621851,40424,30662,120,60
95046,171613,1804931456,43838184,120,60
430500,441173,10454,19389,140,60
316452,509539,40758,60891,140,60
398936,207850,1573,3402,140,60
686559,529437,7785,2914,140,60
17147,28854,1821445248,1633843072,140,60
602185,502000,0,3514,140,60
473435,346337,8454,0,140,60
312605,342537,9083,3950,140,60
459312,416086,48482,34971,140,60
696692,493587,10884,28116,140,60
709490,551876,6184563,5968194,140,60
348908,353511,651385,621427,140,60
331009,333326,98041,137171,140,60
692656,562561,20921,24032,140,60
376717,353301,21257,24643,140,60
490205,402303,21771,6432,140,60
687915,500994,44580,24456,140,60
583229,431581,52549,87270,140,60
415221,379896,11169,0,140,60
533901,318786,2379757,22828376,140,60
38560,60527,8202702,1632484352,140,60
484876,295622,131597,37511,160,60
363036,361243,387670,470488,160,60
0,332736699,776375522,741267200,160,60
474681,315421,150796,18725,160,60
320243,205323,100825,0,160,60
426573,291485,130547,13325,160,60
416796,272979,127447,38796,160,60
384756,259748,126605,9496,160,60
346006,257603,122584,0,160,60
332444,209611,91338,0,160,60
605992,412886,0,25998,160,60
8989,33053,0,2007253504,160,60
365435,383079,0,44309,160,60
522513,384878,385346,433067,160,60
445865,307239,168708,57715,160,60
465076,288832,125122,0,160,60
310763,250087,112859,0,160,60
335729,287881,150334,33703,160,60
432832,267906,117639,0,160,60
507764,437987,357597,452672,160,60
378634,261876,136745,50991,160,60
1192318,96689,93778,81153,160,60
2049,489833654,1142881723,0,180,60
423261,338065,0,17462,180,60
423531,260327,128105,22625,180,60
342759,337158,323376,409081,180,60
377305,338318,299665,517809,180,60
416273,370986,337145,543164,180,60
427787,246593,133701,73650,180,60
342647,246960,122249,21199,180,60
323443,286382,0,1949,180,60
442332,273196,138337,50957,180,60
381862,223704,115454,36281,180,60
358616,215392,109881,63473,180,60
467171,298671,248547,322989,180,60
396270,441912,608487,1306267,180,60
147982,126473,180385,414994,180,60
386651,215929,95367,31401,180,60
441387,352144,296895,470813,180,60
43592,221904707,517637587,1712079616,180,60
294216,310074,170020,119500,180,60
385961,243464,119712,31652,180,60
354866,378417,0,19530,180,60
472850,291628,139534,40294,180,60
353424,188007,81044,0,180,60
472029,361470,0,2925,180,60
6105,0,150490,381845,180,60
4475,553840020,1292266083,0,180,60
506893,424192,216679,132758,180,80
608718,363989,181908,63091,180,80
521587,418749,324967,455609,180,80
462132,334532,147777,8657,180,80
609119,389942,188625,84642,180,80
422920,401065,0,9916,180,80
490570,344287,220458,92259,180,80
394619,258099,111945,6398,180,80
452026,293251,171257,38952,180,80
43217,191685,102007,45314,180,80
712421,391719,199826,47810,180,80
487588,436844,371152,441189,180,80
568352,392089,240593,145944,180,80
650108,486440,376370,477072,180,80
511440,564958,546251,566820,180,80
514688,340410,164839,53210,180,80
490205,408040,180003,62947,180,80
186372,212238,143848,111875,180,80
574166,361727,155169,0,180,80
437047,399811,409409,449844,180,80
706154,353408,156125,5766,180,80
9868,625416061,1459271697,0,180,80
429835,755543,0,23684,160,80
328838,484781,219328,0,160,80
461942,539376,261984,75034,160,80
358122,413291,180710,2495,160,80
399930,1510734,2618663,4429394,160,80
543995,664179,513610,495343,160,80
669648,526079,331713,250056,160,80
548170,444519,292833,159027,160,80
492517,419849,186200,22489,160,80
442464,399201,178858,0,160,80
586639,693215,685400,585055,160,80
407704,349852,168766,0,160,80
507311,400614,186450,42173,160,80
409836,382945,164330,44087,160,80
575300,644721,0,14307,160,80
428625,371540,180927,49367,160,80
529229,414083,194989,6764,160,80
389191,373780,174819,0,160,80
593426,467382,226607,37355,160,80
384232,522660,0,22146,160,80
464976,546363,0,12247,160,80
432528,943712,1515203,26815376,160,80
402922,436461,317338,2867526,160,80
492559,407685,182248,319429,160,80
381064,478082,0,3046,160,80
378186,324847,166719,17522,160,80
370447,354097,171142,6563,160,80
428867,595073,19330,0,140,80
382877,577705,0,5679,140,80
391078,472410,43979,54781,140,80
295482,339924,892,0,140,80
412331,520531,7425,36210,140,80
287947,345745,6497705,21590256,140,80
367519,488507,860595,2883694,140,80
210605,318041,93361,286111,140,80
255020,383790,218418,358700,140,80
388984,499737,52027,49800,140,80
331330,440819,0,5937,140,80
204604,296386,14029,0,140,80
334527,394581,38644,54148,140,80
257133,349222,3259959,28467596,140,80
195219,288429,428763,3793142,140,80
221383,316694,20577,351123,140,80
297862,411877,12621,15462,140,80
262853,508819,0,2305,140,80
428274,444141,32846,52641,140,80
218435,342692,0,19779,140,80
351810,462688,203940,288086,140,80
359920,377874,8402,0,140,80
298894,361499,0,8705,140,80
384249,462963,13909654,9219188,140,80
344232,497387,1460906,947880,140,80
482673,555120,399796,523491,140,80
312806,410657,6961,25671,140,80
410973,490255,241566,402935,140,80
25781,0,194986,348296,140,80
21805,0,157018,284928,140,80
461652,557737,189925,543788,120,80
112916,316838,17300,1696,120,80
355641,440349,44200,61130,120,80
331722,434927,26806,0,120,80
288470,410909,81325,111537,120,80
259325,394558,0,21256,120,80
359535,467485,2501,18815,120,80
366600,420821,0,8996,120,80
337187,479246,44135,0,120,80
382505,382068,14722,52837,120,80
397192,499305,359343,486264,120,80
31485,0,322065024,1729768960,120,80
287699,437848,5648,10752,120,80
276895,506037,49078,51513,120,80
268392,503032,6515,60987,120,80
289122,409919,185730,287831,120,80
397409,462801,24352,74076,120,80
246362,343615,1127,0,120,80
249809,384862,3614,4336,120,80
315496,398465,314600,355493,120,80
348109,486494,4738,9712,120,80
223773,313657,49731980,11006083,120,80
298396,282320,6791033,1432056,120,80
255241,298136,703648,179288,120,80
296744,448315,91603,102114,120,80
227210,365711,3181,30708,120,80
407609,443275,46007,32305,100,80
443039,501273,34583,35651,100,80
369687,388347,17836,35336,100,80
412848,457051,1829,2853,100,80
361041,382801,13663,5976,100,80
354536,379227,8760,10333,100,80
462613,481828,15211,14139,100,80
374798,378127,0,23728,100,80
393147,407790,387376,402779,100,80
418121,446992,260480,381696,100,80
487018,551564,26473,29298,100,80
334646,396499,29368,40785,100,80
450246,515736,2215,0,100,80
358222,442408,18848,3661,100,80
186458,250816,188015,254566,100,80
184846,251356,149030,255977,100,80
394729,422688,3117,0,100,80
503531,582519,26578,64476,100,80
419998,496938,58393,44277,100,80
507991,556593,215176,422391,100,80
332487,422018,188112,295773,100,80
518148,573725,9243,3832,100,80
420797,495689,35414,11343,100,80
445570,507082,1977,9360,100,80
324854,383326,217175,347152,80,80
446456,575412,41690,81750,80,80
304941,366683,8261,15371,80,80
372048,459066,226193,371096,80,80
436122,525275,197061,361904,80,80
566092,645987,170579,188803,80,80
400925,492918,20672,0,80,80
218333,217927,225497,271358,80,80
219464,243532,150563,173762,80,80
444950,561156,253112,450940,80,80
375351,443567,139912,329518,80,80
418661,521692,49098,35742,80,80
411730,531393,7718,0,80,80
205708,253221,34265,51226,80,80
294932,309607,247351,281529,80,80
217710,248825,2126,0,80,80
414524,494088,89134,110876,80,80
463274,565798,227063,426338,80,80
459183,569300,21081,70492,80,80
352163,419532,416638,482391,80,80
370348,480465,217458,187257,80,80
367983,417400,28445,64529,80,80
349188,406552,0,111,80,80
5638,0,611333,587744,80,80
382587,438052,2098,56230,80,80
134053,276443,23832,0,60,80
281521,452877,16677,4485,60,80
316093,550531,431764,488628,60,80
320821,571918,37603,4878,60,80
308229,653828,0,2942,60,80
285220,573324,37138,11807,60,80
370082,614147,385661,599616,60,80
423771,786364,66338,85214,60,80
251414,518539,4551,0,60,80
374530,706979,30690,47030,60,80
182115,423976,19984,23770,60,80
416620,280006,368542,352189,60,80
268706,542970,392176,482474,60,80
392826,441905,46651,22094,60,80
308760,584053,68218,38575,60,80
310351,612047,37171,25072,60,80
428354,672094,54256,71955,60,80
322531,602156,90400,72083,60,80
370301,556201,17044,25604,60,80
397991,576292,40201,74014,60,80
376511,643010,19300,4579,60,80
397558,770621,876,0,60,80
0,39403,1301145856,1383202176,60,80
301819,496652,6499,54112,40,80
365483,577678,24492,30514,40,80
211462,418677,52002,19639,40,80
301990,454074,0,12702,40,80
309277,712882,0,5324,40,80
380671,506378,31627,7571,40,80
362644,748440,15272,8955,40,80
456866,707009,4903,49590,40,80
295372,527890,11875461,35720908,40,80
214635,444423,1265662,3854665,40,80
337367,745080,135152,439539,40,80
381764,547479,0,10548,40,80
370183,542954,88956,96158,40,80
314538,490778,6566,3379,40,80
271273,538334,14150,8695,40,80
5540,347535,53699,32624,40,80
291283,454982,0,4901,40,80
198268,424304,25136,0,40,80
278424,487326,272304,391069,40,80
399234,862754,17773,0,40,80
263720,434481,46791,56251,40,80
412630,626328,15074,32468,40,80
200773,441551,16695,1135,40,80
262495,469252,5613,4594,40,80
377613,591094,22421,31013,40,80
261365,398971,12025,29096,40,80
280262,439715,15618,29115,40,80
327716,548767,44531,24241,40,80
306894,440390,10219,33055,40,80
143699,27087,154994,273755,20,80
316385,510592,193831,303737,20,80
316638,465818,14181,0,20,80
134890,276771,0,59574,20,80
204583,344177,0,90988,20,80
283249,535363,11590,126475,20,80
215483,604954,0,100222,20,80
325118,394563,21078,0,20,80
244362,521769,19324,110416,20,80
342376,592083,632,0,20,80
417133,571580,384206,509765,20,80
249026,594355,23305,122085,20,80
319875,610140,293113,312161,20,80
236458,477381,6541,112808,20,80
291133,369677,133,0,20,80
453823,599571,427359,584879,20,80
263811,525245,22314,134653,20,80
296272,645641,36543,164308,20,80
169221,456553,0,72981,20,80
144745,329378,19041,78089,20,80
365896,620513,219334,430352,20,80
308958,544119,34633,168483,0,80
227816,509848,35053,114235,0,80
311319,446232,13112,0,0,80
387925,592256,8099,0,0,80
197136,576613,0,90244,0,80
289739,532028,0,128390,0,80
469461,601548,288,0,0,80
307032,573045,15983,147163,0,80
236009,417718,16840,122915,0,80
278520,452766,282585,291749,0,80
204429,541691,2762,87684,0,80
397877,524229,6392,0,0,80
298871,635565,18718,129051,0,80
300337,652347,17841,128902,0,80
200526,603233,0,97540,0,80
183744,418045,24683,86853,0,80
132643,416286,0,67700,0,80
250701,422976,0,108033,0,80
263466,536265,0,112950,0,80
286113,582019,15750,145188,0,80
291774,461922,6122,0,0,80
250126,547025,10296,121997,0,80
251438,548196,14291,0,0,80
321755,652955,0,146643,0,100
243937,558846,5053,107720,0,100
323850,506058,25231,156015,0,100
264082,408107,3012,115782,0,100
253240,421506,0,136739,0,100
488622,568936,452386,493630,0,100
271382,440815,1569,123940,0,100
285170,615786,1097,146978,0,100
465753,543105,425987,553157,0,100
249889,469283,15971,127131,0,100
293358,488252,16444,138035,0,100
304126,397265,15562,152615,0,100
255501,504198,18427,119586,0,100
530138,563966,476103,676058,0,100
266238,463743,20874,122053,0,100
323584,639389,39581,147932,0,100
123856,305994,52403,102651,0,100
312474,538931,60915,180440,0,100
330088,524460,0,143334,0,100
2548411,444263,7099142,5478624,0,100
668453,538166,940245,871057,0,100
356353,437104,114749,260110,0,100
338569,540909,25960,145135,0,100
442541,432536,377630,524013,0,100
377383,605921,17201,198387,0,100
165387,323748,0,86843,20,100
285047,552524,24085,151707,20,100
322806,529016,30512,156584,20,100
407553,645428,775,0,20,100
355485,444521,425486,449016,20,100
495246,592334,691905,615906,20,100
405376501,45206,1421207040,945797700,20,100
247895,454501,24109,118859,20,100
279836,579053,8301,129607,20,100
249636,463760,4427,109351,20,100
458997,593109,476480,583182,20,100
237862,360813,6573,107952,20,100
328382,547218,23967,150777,20,100
393564,460570,325166,462334,20,100
419293,396977,204661,442707,20,100
332028,573891,522,159564,20,100
570306,554193,361846,633498,20,100
246936,451182,9296,115158,20,100
152219,393858,25399,85509,20,100
257581,483684,540,114598,20,100
495122,540437,21522,0,20,100
258848,476705,16593,116501,20,100
292995,439429,1132,128838,20,100
175710,404586,31453,116440,20,100
267048,456698,28473,126611,20,100
375264,506357,23046,185966,20,100
463421,483845,350732,549741,20,100
379255,548656,855,7327,40,100
279008,332920,3011,5937,40,100
361781,444127,391321,473806,40,100
378271,460241,33609,10805,40,100
434858,465175,51121,55461,40,100
329247,363800,218857,371099,40,100
309610,496772,45868,33087,40,100
356975,370331,5033,0,40,100
314773,416115,356243,472965,40,100
491179,498253,23980,25439,40,100
357477,506235,339589,236055,40,100
353234,431602,277,2080,40,100
214405,391551,22563,58973,40,100
341828,390741,205637,299339,40,100
294764,415081,28739,66524,40,100
301724,435197,17105,16603,40,100
381712,477070,16778,38088,40,100
291851,450790,21409,0,40,100
373807,552325,50314,51922,40,100
281682,561152,7644,0,40,100
386425,483579,189,0,40,100
32425,40673,297635,450584,40,100
443049,508344,13239,13242,60,100
183496,414291,37433,10860,60,100
212441,362388,39533,36074,60,100
259892,437643,11763,0,60,100
270544,319147,25163,12901,60,100
109899,61067,290615,238497,60,100
245038,396742,422906,550466,60,100
211648,319186,0,7034,60,100
315625,465109,389412,615546,60,100
254506,314967,7456,13716,60,100
230776,442752,382830,502552,60,100
185225,391075,0,35919,60,100
204566,334775,1555,20361,60,100
326311,493807,21285,1871,60,100
335092,471179,644118,719535,60,100
245718,370424,320173,456517,60,100
226123,363419,7776,12134,60,100
204012,385978,7049,3455,60,100
325991,486394,271283,446415,60,100
217126,402089,0,14863,60,100
214244,328921,39393,16454,60,100
218035,476095,13509,19456,60,100
316305,478008,0,3253,60,100
388100,624070,470246,715904,60,100
18537,51486,114086,335536,60,100
339330,361373,334370,624108,80,100
367163,385884,57162,124142,80,100
452348,535668,463505,736025,80,100
333632,358766,16371,11749,80,100
449175,529209,300,5866,80,100
399192,461172,11856,0,80,100
408596,440582,23977,13730,80,100
400002,388800,2213,33944,80,100
376889,428982,18134,3011,80,100
377541,384550,22399,10222,80,100
443206,520143,17781,13216,80,100
348524,387629,326707,418550,80,100
391324,454865,439912,566238,80,100
337036,380477,7561,0,80,100
309922,325951,30504,33619,80,100
368993,400379,3328,22402,80,100
446226,429800,1349,0,80,100
322033,332263,0,10014,80,100
366657,372146,29524,10013,80,100
423524,437808,34877,67963,80,100
299982,308321,10945,28702,80,100
448240,457620,20700,4497,80,100
460192,482048,28000,0,80,100
291216,316784,249604,349012,80,100
370977,403740,34346,9950,80,100
255196,307279,1495,11407,100,100
302385,329333,54357,39341,100,100
355209,424912,10378,64238,100,100
362501,445151,63810,38624,100,100
532686,638793,4546,0,100,100
404257,459136,56569,33520,100,100
492678,600472,75677,30831,100,100
305533,390417,50284,80679,100,100
325698,395473,344313,387973,100,100
460283,548157,0,26022,100,100
353393,441737,26615,62356,100,100
385566,456012,401083,583450,100,100
277260,338903,15417,44179,100,100
282766,322702,233371,290234,100,100
460488,490942,209216,345851,100,100
378500,405988,28411,45899,100,100
381732,444674,60230,56773,100,100
345616,386380,1966,0,100,100
506302,589747,10389169,5922640,100,100
415189,520090,1132637,647296,100,100
440459,500025,138614,131032,100,100
423941,474856,27208,52810,100,100
367938,446122,45559,92764,100,100
392925,478347,26417,85371,100,100
398294,478122,18075,2967,100,100
322047,370891,18838,36158,100,100
385494,367955,319455,281951,160,100
115717,274230,158562,25988,160,100
414906,464618,358136,394978,160,100
409679,581801,0,27641,160,100
339752,266093,129863,52150,160,100
371077,412631,188920,15751,160,100
372851,267346,115445,6572,160,100
454813,322270,0,15833,160,100
436084,430264,299332,389160,160,100
453605,368262,172275,37190,160,100
503948,415133,0,22337,160,100
406392,340239,151580,27747,160,100
361194,414895,209797,52751,160,100
444487,275682,125182,47150,160,100
538085,375924,179651,39737,160,100
512777,422664,186985,0,160,100
400460,289587,131970,38074,160,100
192445,293000,140774,7455,160,100
507467,396198,173695,58224,160,100
380954,305359,132246,18237,160,100
554099,414848,211920,115824,160,100
407816,270824,156908,109961,160,100
42199,57857,90191,335266,160,100
8426,623671284,1455211514,355327744,160,100
374579,340977,169937,36411,180,120
315943,442621,234817,55623,180,120
240424,616846,0,13122,180,120
240874,274503,233596,172625,180,120
304223,350759,190635,78346,180,120
241118,282835,144826,12408,180,120
218406,261901,214623,146992,180,120
209786,342844614,799600725,527059392,180,120
207945,221609,181937,169562,180,120
380681,484909,212575,8146,180,120
419432,651452,468542,228480,180,120
190646,250634,242161,188594,180,120
261393,391466,285918,131031,180,120
331298,512208,355586,193392,180,120
301424,365776,162831,26595,180,120
502761,559990,246010,17412,180,120
344341,439484,191422,39847,180,120
431559,545022,237913,21176,180,120
449581,530027,360609,310109,180,120
333581,534078,229312,19663,180,120
225849,261716,114422,4628,180,120
436104,445699,211245,28552,180,120
412764,499025,224372,12094,180,120
360398,609400,376204,375219,180,120
438512,796929,618091,493001,180,120
285996,587779,403726,255005,180,120
396642,653145,465601,393900,180,120
390160,365839,160235,6336,180,120
261480,303971,278237,238535,180,120
337059,553442,391801,382482,160,120
357900,516499,386569,511526,160,120
425353,664700,532602,642181,160,120
260965,302778,144426,29784,160,120
343954,497756,251863,66195,160,120
414231,675367,540531,527045,160,120
283110,452245,282906,230691,160,120
402599,497939,223939,38586,160,120
233087,337153,172655,21822,160,120
320238,483325,217761,33787,160,120
342973,430904,212227,32536,160,120
303046,352628,159676,55413,160,120
330980,488355,209871,3538,160,120
414471,528490,233497,1521,160,120
361991,667121,0,12397,160,120
461324,601386,269912,21213,160,120
446223,507779,319009,282455,160,120
519040,1455616,2320452,977362,160,120
342985,496675,266350,13762,160,120
443561,719137,536040,480125,160,120
312265,575811,362259,266014,160,120
177705,255318,125660,10593,160,120
429131,390663,175881,39905,160,120
358600,478076,216221,1490,160,120
419934,912156,8898,41524,140,120
493127,848589,11951,17898,140,120
321997,675319,29847,82879,140,120
277390,416060,34034,30266,140,120
396538,679526,12840,15412,140,120
225737,444474,301,0,140,120
346380,510266,34222,29097,140,120
333264,632997,0,6502,140,120
427956,788434,12999,12274,140,120
244497,590117,11356,0,140,120
9619,0,1023426816,2033691136,140,120
362043,661934,23728,15884,140,120
396440,747834,0,2619,140,120
297692,590292,13630,46830,140,120
316189,659692,256242,371659,140,120
373433,691662,313897,570065,140,120
330157,471768,14438,21447,140,120
9805,42088,0,1334503680,140,120
368283,683789,10701,3729,140,120
31830,12585,1370922624,0,140,120
361608,686053,2938,2558,140,120
380156,712201,466465,539597,140,120
295892,541654,164952,296890,140,120
403177,715899,241200,556482,140,120
334501,451493,24897,25147,140,120
365301,656535,7854,11474,140,120
417664,685864,9802,2092,140,120
280071,602431,97522,89988,140,120
402775,738680,8470,0,140,120
320442,637415,19026,2020,140,120
217870,361033,3910,9693,140,120
5278,39248,935135616,0,120,120
383076,739424,17419,10671,120,120
302581,593077,3593,857,120,120
350271,775076,0,5214,120,120
276698,468037,32504,26799,120,120
341349,710703,366028,300231,120,120
373313,813359,38311,45888,120,120
212189,588408,4321,0,120,120
342316,676436,439952,559135,120,120
284449,588581,35612,39749,120,120
164555,339705,0,14853,120,120
128464,590405,17969,6436,120,120
260854,678377,24330,16295,120,120
289409,659351,40203,33948,120,120
319058,576023,374799,631204,120,120
250631,644856,4031,0,120,120
332055,754080,14509,18820,120,120
302603,521216,20130,14242,120,120
364969,802217,357878,367740,120,120
357173,699107,0,1109,120,120
332609,616975,6226,0,120,120
218542,369704,36661,34777,120,120
303986,657017,10481,18394,120,120
308544,685866,3116,4335,120,120
396351,667043,10215,13306,120,120
415075,754119,14638,16789,120,120
252301,552942,0,18656,120,120
343317,445436,1818,12617,100,120
487352,648592,65643,76504,100,120
513814,659403,10894,9856,100,120
406615,548529,18565,33959,100,120
485977,652692,37820,59934,100,120
438451,558020,50490,129287,100,120
302879,420887,20188,32984,100,120
435189,576021,1898,8018,100,120
468831,623268,16933,40053,100,120
440153,634628,289577,475304,100,120
314342,444436,29468,14020,100,120
444291,600933,13060,36294,100,120
511436,665218,9779,0,100,120
329257,464703,8554,5884,100,120
468938,619440,44960,27010,100,120
356089,447468,12592,30002,100,120
146063,205008,34678,84754,100,120
363488,509083,79911,51763,100,120
467888,617382,13901,14186,100,120
515144,659976,183046,171388,100,120
492485,653387,443640,646272,100,120
382977,532815,256890,404454,100,120
489152,668911,288765,552234,100,120
477365,640924,4532,12146,80,120
526548,669697,13285,15322,80,120
426376,558126,34780,20294,80,120
468199,627081,350596,571213,80,120
328902,438600,55728,50157,80,120
475234,627185,0,6110,80,120
428436,581479,1573,20271,80,120
504410,664272,11915,39823,80,120
290371,376429,24886,30348,80,120
460064,608015,223414,252522,80,120
565845,696716,6986,14398,80,120
293524,339093,22555,25869,80,120
485473,624567,8099,31399,80,120
602998,751267,17328,11938,80,120
471236,617520,5989,28093,80,120
542275,687787,0,9873,80,120
488242,648018,52248,99237,80,120
302077,371641,21537,46906,80,120
485507,647154,3074,3543,80,120
388024,522307,0,3518,80,120
513443,660704,5056,1989,80,120
483073,622736,37320,51315,80,120
498389,659715,21870,55081,80,120
464120,600492,53452,72972,80,120
613363,751699,7862,0,80,120
426762,547604,3851,2870,80,120
267960,798142,42760,34443,60,120
252953,725226,36403,18180,60,120
238371,852735,14432,65968,60,120
251158,439112,186181,284929,60,120
206773,725158,7668,24679,60,120
195598,721618,6755,1657,60,120
286742,912361,0,3430,60,120
272779,759960,18688,54631,60,120
215300,941530,0,2207,60,120
242057,745310,4168,3431,60,120
232979,808031,6094,11644,60,120
266472,808365,12608,40921,60,120
215423,808742,4922,25628,60,120
230379,943533,45717,152136,60,120
198533,703092,25924,41940,60,120
267290,858964,3815,16887,60,120
283189,431305,588,13421,60,120
188082,800054,7760,62925,60,120
374268,620818,19019,33226,60,120
418231,414638,23446,16363,60,120
300169,348244,30485,8878,60,120
417929,553951,23433,12938,60,120
359298,489751,9351,6728,60,120
318828,446345,9991,10672,60,120
383022,508506,38436,39854,60,120
269149,421061,14614,14155,60,120
409727,591114,36634,49743,60,120
361718,562112,378137,563178,60,120
320810,473783,210491,378123,60,120
399568,524434,287485,474136,60,120
225567,459880,15646,14872,60,120
370643,498241,30015,48052,60,120
328734,828036,15707,15937,40,120
290740,541705,7961,0,40,120
386347,724527,0,31294,40,120
298662,408069,10077,14623,40,120
315815,619816,23478,36368,40,120
364446,729061,19451,28808,40,120
235698,622827,0,5427,40,120
14760,6570,1547253248,0,40,120
312590,571032,10736,35013,40,120
374578,703402,33517,26886,40,120
277343,602110,12684,35720,40,120
400316,682652,16425,26029,40,120
287392,633268,0,13437,40,120
326020,626374,13478,8278,40,120
341126,772877,1024142,980566,40,120
285507,699745,31197,29245,40,120
431860,738767,15303250,8061591,40,120
247516,437460,579827,323377,40,120
283491,574467,41829,42386,40,120
363327,794467,67872,52797,40,120
283250,617665,4166,14630,40,120
372372,822782,0,14160,40,120
307378,568486,53446,78320,40,120
279787,462683,42219,47643,40,120
389141,641973,0,17497,40,120
429318,580942,12219,6697,40,120
286673,571666,14291,25653,40,120
422293,626251,0,29223,40,120
335133,665501,91195,114655,40,120
294576,536758,4738,9700,40,120
262582,568694,20892,122462,20,120
343746,620209,243589,301205,20,120
96553,288985,23068,52402,20,120
262713,489652,0,124395,20,120
247349,482240,47096,142454,20,120
384199,643454,307631,361719,20,120
569804,651077,457427,625690,20,120
163417,406686,62854,96713,20,120
309981,649647,3054,135129,20,120
295766,605303,45265,150974,20,120
423633,681108,3186430,372546,20,120
479460,554311,540636,645132,20,120
267356,533558,36304,137776,20,120
256065,573177,0,131136,20,120
251903,541414,38422,152008,20,120
288751,563467,0,128440,20,120
283456,568490,53183,171727,20,120
322951,609171,3074,142028,20,120
295276,539976,37682,159897,20,120
375110,498921,7421,0,20,120
314117,619035,27011,147385,20,120
143736,342007,26330,66664,20,120
281035,502555,21170,147621,20,120
272391,504990,19664,137180,20,120
305829,604068,28632,159546,20,120
331182,554490,145835,292535,0,120
137883,91091,250653,228897,0,120
139646,367777,0,66474,0,120
327288,618266,0,146874,0,120
408905,665325,9236,191941,0,120
336751,568722,45510,170771,0,120
327666,572126,10108,167155,0,120
236862,328199,5660,102455,0,120
403877,489465,314318,433574,0,120
352457,676243,15990,153215,0,120
237276,312628,0,105225,0,120
329240,591763,0,146537,0,120
364853,632432,0,178999,0,120
279707,536187,41345,160711,0,120
322583,497273,21493,173685,0,120
247175,544173,20204,109585,0,120
332850,544538,0,143790,0,120
285773,350551,49627,138982,0,120
4489691,483357,14574326,9968542,0,120
559906,671065,701990,634034,0,120
252027,424407,7440,116136,0,120
398470,732560,7630,183168,0,120
303031,121293,0,148343,0,120
146635,265006,43277,90459,0,140
193402,349129,31062,107628,0,140
316821,579401,15959,145438,0,140
571618,559825,9320,0,0,140
133898,113009,259504,135709,0,140
90232,0,174374,186676,0,140
575600,340357,458086,727338,0,140
249807,337033,204547,267628,0,140
191149,325882,95282,132169,0,140
227582,380369,117599,217626,0,140
476285,503795,38399,243690,0,140
341544,486344,0,150892,0,140
234721,211714,3290,109061,0,140
263911,211235,738,120906,0,140
248174,275123,20708,109621,0,140
396239,569737,11518,182327,0,140
441928,566215,8814,191966,0,140
13699,28350,1127442176,0,0,140
462955,515768,8666,202769,0,140
412129,338325,61857,254018,0,140
384817,513807,1622,171959,0,140
439780,642369,3333,197158,0,140
350351,413881,0,157933,0,140
503005,403459,611,0,0,140
309822,388650,48721,188108,20,140
9909321,21820,0,23098344,20,140
264418,661146,1695,128477,20,140
211101,456015,7786,106499,20,140
306103,498046,21712,167760,20,140
267079,576354,9319,128019,20,140
107156,382028,16396,52590,20,140
448617,442753,213380,499872,20,140
269973,694452,33233,132179,20,140
132516,403331,28483,68906,20,140
229406,593916,18224,113901,20,140
276562,739541,12401,119412,20,140
278621,476387,39987,164234,20,140
280564,658103,24953,131037,20,140
441688,492003,323775,491100,20,140
103433,460055,0,49799,20,140
236594,412077,0,108947,20,140
270688,662189,25853,139323,20,140
264986,428478,8190,125834,20,140
455092,580710,318690,611738,20,140
96052,420643,19611,57630,20,140
529086,651113,362789,717436,20,140
161485,406240,0,83320,20,140
243194,601200,18308,132340,20,140
336226605,19093,565191936,784521637,20,140
266388,463415,51903,178859,20,140
445231,414239,17132,0,20,140
140164,419052,36587,89939,20,140
383173,652272,37939,206455,20,140
258668,438982,11281,116923,20,140
304444,619978,0,130770,20,140
1173249,435531,1666292,2213672,20,140
315587,543213,48623,192903,20,140
405965,525695,39032,80205,40,140
299491,383449,289860,631517,40,140
531022,423869,472652,1002553,40,140
437893,318859,8618,19655,40,140
377296,419264,544185,888487,40,140
386969,316579,25779,35307,40,140
329725,399914,30144,8891,40,140
501796,448842,0,15474,40,140
456052,609664,425743,760466,40,140
346977,406291,327090,573056,40,140
391292,554099,645629,764593,40,140
279238,358411,53992,43198,40,140
402583,599635,2063,6737,40,140
371255,437301,55074,106169,40,140
423241,507549,59185,122702,40,140
207289,198567,285122,354291,40,140
306709,372620,19764564,26486956,40,140
242412,317050,12938172,17249538,40,140
394893,392575,5860543,7874386,40,140
378511,268547,192977,289994,40,140
339942,461724,585047,864728,40,140
429474,315979,51001,72564,40,140
347337,401788,7692,9569,40,140
540382,441955,365659,637507,40,140
468230,549907,549331,1115053,40,140
335249,369811,563644,893565,40,140
461751,500323,38232,36887,40,140
295230,367496,585638,887243,40,140
407875,435782,117499,147890,40,140
437853,555973,0,1691,40,140
350652,454469,12674,18707,40,140
448442,522887,261431,532877,40,140
316440,341392,336242,614203,60,140
420104,449329,1008069,889312,60,140
276480,426219,831521,722838,60,140
304221,362155,900040,916118,60,140
256676,233141,325061,432494,60,140
145981,197586,297667,389971,60,140
288615,327664,22266,20903,60,140
216417,448222,31842,54777,60,140
366796,462965,0,28064,60,140
311264,451019,96405,158686,60,140
224116,359134,0,39653,60,140
304852,487657,52077,38412,60,140
218806,403369,586469,1120566,60,140
299374,439496,6820,67980,60,140
157696,142794,218928,243739,60,140
193041,401860,429757,938545,60,140
414661,462245,40603,26645,60,140
284993,353767,41574,64890,60,140
294640,354219,112628,193491,60,140
277595,397560,36560,66080,60,140
211121,310348,356874,535734,60,140
232831,317402,103254,87517,60,140
161608,365773,18258,47710,60,140
257967,380913,8093,0,60,140
302587,443692,62873,113143,60,140
224577,339696,50581,78969,60,140
289354,485476,113308,101559,60,140
356682,520542,0,827,60,140
316763,417517,74773,58457,60,140
190467,282028,11250,4816,60,140
336532,469030,82679,64541,60,140
184721,145166,319403,212827,60,140
157697,377419,51833,11334,60,140
0,10761,323747,207565,60,140
278636,433701,79679,87843,80,140
359880,466054,0,20606,80,140
303937,386217,321094,599022,80,140
390870,526735,623825,954851,80,140
310103,389279,0,35252,80,140
442822,553828,12157,4490,80,140
329293,427338,33273,34997,80,140
420211,488215,242382,551950,80,140
436155,526251,267955,817256,80,140
332410,429440,36441,40858,80,140
408106,501572,237484,697930,80,140
458135,520823,36869,56245,80,140
492159,573450,62097,70021,80,140
313162,370130,44221,66131,80,140
466429,534862,56447,104397,80,140
408603,484939,648370,1044718,80,140
361344,430893,0,8675,80,140
440412,529210,12063,10039,80,140
312458,407642,78047,131307,80,140
407399,462619,194503,473296,80,140
450956,577432,492707,1167298,80,140
326840,382240,584869,980224,80,140
325081,380109,788782,1046287,80,140
366486,423302,4382,10735,80,140
458139,548589,184803,874795,80,140
345204,399422,117931,505763,80,140
272120,374270,0,3191,100,140
291089,492047,40376,33859,100,140
350359,193197,22807,88411,100,140
406024,613202,718865,798361,100,140
237337,287536,28287,24221,100,140
499069,771291,31084,29536,100,140
356382,548571,16251207,15102766,100,140
473045,707920,873686,809760,100,140
446164,636660,563756,824873,100,140
482388,686482,716540,768964,100,140
222924,272758,28985,82962,100,140
372751,538381,41232,70731,100,140
530712,655132,666863,868715,100,140
350140,451231,89038,82481,100,140
453579,604744,16792,26929,100,140
475550,760338,477266,695555,100,140
391133,561548,186738,354814,100,140
538843,725900,491780,774137,100,140
408445,554434,571282,780567,100,140
545483,697874,839526,1008853,100,140
395980,519118,469836,785225,100,140
389213,611521,74679,253259,100,140
371866,548988,8409,18615,100,140
428036,573938,536461,776085,100,140
504534,741091,73,4057,100,140
397637,594416,1774,6443,100,140
506083,688141,678505,969505,100,140
405680,616124,7876,1429,100,140
466556,644787,493468,825717,100,140
527393,693291,5174,16507,100,140
516276,716506,555170,907923,100,140
412886,603243,26036,40228,100,140
337297,402715,0,4303,100,140
304723,196023,6104,20336,100,140
333794,735253,50813,41722,120,140
254300,969584,30317,49932,120,140
247863,687513,15833,19704,120,140
344727,946555,60565,57933,120,140
210170,436627,43450,35314,120,140
322584,724670,89510,86509,120,140
367494,922345,6443,21860,120,140
218492,636577,0,31721,120,140
176742,453978,4482,6162,120,140
351939,874903,134641,157994,120,140
404783,1033421,23687,24186,120,140
108946,470337,74310,70518,120,140
290562,760046,175389,207021,120,140
83928,459254,16058,15665,120,140
249801,761447,197655,349009,120,140
219249,879121,42278,152512,120,140
381300,994861,22499,89635,120,140
116149,191712,171030,255136,120,140
381137,950194,100333,121080,120,140
352172,864073,203336,373303,120,140
390448,1007451,216557,233974,120,140
402282,989826,464307,669895,120,140
60591,426998,789,10,120,140
422723,893476,14713,8642,120,140
298916,868151,2270,0,120,140
341698,538841,428376,581148,160,140
261390,365762,170368,23685,160,140
226278,321424,140922,0,160,140
335852,855130,0,44119,160,140
355366,703549,526185,431223,160,140
346010,597856,0,4085,160,140
282838,416849,181924,34373,160,140
278739,471251,202229,24490,160,140
379397,740902,576735,807638,160,140
184338,359764,176624,31169,160,140
3188,13918,0,718588160,160,140
172532,296803,147602,33386,160,140
211885,338975,161584,74299,160,140
315439,633389,462435,581182,160,140
268178,3520013,7501698,30904404,160,140
147591,564431,851875,3146059,160,140
262412,462597,279087,455559,160,140
311031,465484,211469,40684,160,140
328743,612878,450010,610917,160,140
349686,577627,257245,37000,160,140
167418,237468,105787,14450,160,140
161100,495545,235674,26332,160,140
184068,453505,194805,0,160,140
340235,583065,257342,15568,160,140
310561,547701,235991,0,160,140
309811,417875,0,24149,160,140
323341,480604,206332,0,180,140
329514,435965,192710,0,180,140
331809,604681,273729,15258,180,140
410380,624767,269518,7017,180,140
176541,410187,196370,16469,180,140
362049,549898,260756,42248,180,140
265326,445330,211191,52298,180,140
210992,445750,199758,2110,180,140
274231,442215,189834,0,180,140
274421,309620,135348,10796,180,140
243717,278996,124794,0,180,140
252284,647314,0,1209,180,140
348169,470619,225230,43962,180,140
322792,607065,279252,15097,180,140
359496,578852,282780,82445,180,140
358307,446229,209307,34196,180,140
301531,563580,291063,79796,180,140
279816,448728,193233,0,180,140
325268,558063,253916,44161,180,140
256136,446591,211215,44863,180,140
160443,254878,117132,20432,180,140
428581,617227,273621,10853,180,140
382245,858956,549994,868455,180,160
27410,333632,147422,27941,180,160
412176,884930,389323,9251,180,160
323288,668251,288808,6699,180,160
362249,737164,320292,17960,180,160
26239,544352,0,18012,180,160
315033,1022517,0,1662,180,160
171643,526582,226565,3072,180,160
218087,354007,156785,1994,180,160
346517,657413,287177,15124,180,160
332602,643560,286192,4886,180,160
304418,631811,273133,460,180,160
367600,979528,0,8717,180,160
293182,644239,283267,11205,180,160
352193,897106,397174,15026,180,160
400474,731422,326796,88996,180,160
338366,650986,279157,0,180,160
328905,729928,329992,47933,180,160
8899,126983840,296289257,0,180,160
324195,576544,253099,1768,180,160
367041,704721,310155,32542,180,160
369074,843138,371185,5478,180,160
179645,378264,163133,0,180,160
3553,508680707,1186916646,0,180,160
299014,281236,364438,322358,160,160
317888,751570,615185,403947,160,160
232094,516007,243197,14269,160,160
273318,612270,280398,23789,160,160
413689,1004103,0,30351,160,160
308432,547259,247562,13244,160,160
338099,728125,415928,212633,160,160
287167,763977,0,5750,160,160
296073,849630,0,294,160,160
363285,219456,245120,254804,160,160
292804,549169,329996,582938,160,160
179576,392348,181075,44444,160,160
200447,507261,0,3823,160,160
424800,741045,460385,302034,160,160
329706,519771,309874,207897,160,160
352253,600187,288674,139503,160,160
201780,419133,193411,19857,160,160
320738,861065,0,17785,160,160
39022,5916,0,260555680,160,160
1275,397283118,926985711,1481501312,160,160
172867,293798,129988,604,160,160
355632,652933,374532,203859,160,160
44287,399909,180919,23352,160,160
312121,686824,415416,447688,160,160
245380,422664,184988,519,160,160
285205,589959,364907,269724,160,160
98384,499070,239875,44460,160,160
303190,3120550,6183452,12158779,160,160
15736,4762,0,925885312,160,160
42524,0,486920288,282220544,140,160
190599,747060,34182,266634,140,160
260369,755358,200831,532348,140,160
297272,898802,230579,639136,140,160
313384,989043,380854,572602,140,160
173767,721584,57860,50039,140,160
339734,943371,367591,550187,140,160
245988,746646,4206540,5832312,140,160
229731,865471,413135,538473,140,160
283086,877586,61573,71009,140,160
187276,707956,0,6913,140,160
298691,749683,739771,12508406,140,160
283632,963615,448103,1884007,140,160
18689,320439,68658,180612,140,160
222461,781157,186113,427623,140,160
285072,984536,0,10214,140,160
150313,463479,18447,26357,140,160
332128,1019614,0,21280,140,160
153018,706450,13849,5071,140,160
206954,700515,103569,315393,140,160
400382,1055539,13259,12043,140,160
277897,699145,0,6406,140,160
424145,1095270,4836790,11155333,140,160
193201,478625,507392,1179735,140,160
269276,404766,39762,55777,120,160
0,2051,1121052032,1340022912,120,160
260481,397851,10888,19969,120,160
273270,370750,16647,21174,120,160
399283,378649,37984,69901,120,160
258628,354782,3443,12515,120,160
304709,398381,7796,34827,120,160
64563,93770,317129,892335,120,160
341756,418396,18244,33808,120,160
307973,385491,88115,129587,120,160
27670,43903,283548,856239,120,160
249582,316987,381040,594253,120,160
290615,320006,318587,471253,120,160
108656,65263,514264,594279,120,160
323890,389017,28220,18838,120,160
299705,284108,356323,453240,120,160
268361,364179,42426,48552,120,160
267822,329201,207558,406803,120,160
230397,312540,9667,17531,120,160
120458,295634,27480,49600,120,160
200459,386632,45865,12114,120,160
5380,7143,227799,318430,120,160
0,8721,1373949440,1741553280,120,160
222833,377556,1391,0,120,160
40415,0,298876,370015,120,160
29261,339782,12940,0,120,160
318022,394971,46205,57762,100,160
323682,345191,574068,898528,100,160
390882,446493,86701,107183,100,160
270028,306040,561531,928994,100,160
456896,488328,46357,69611,100,160
303244,346329,653396,995716,100,160
302808,314258,544669,915862,100,160
56170,50487,1077149824,162221856,100,160
274056,315850,4501,29128,100,160
364006,394260,16987,4315,100,160
314376,363529,465575,626354,100,160
321125,368829,354607,453694,100,160
410321,451687,754631,1063441,100,160
294578,323269,555597,991303,100,160
230916,285075,5,68452,100,160
312295,389951,30887,43228,100,160
313801,383699,544498,919340,100,160
394821,425333,15942,9860,100,160
259780,306577,557349,961727,100,160
374703,424552,15634,13647,100,160
293906,339062,622169,946139,100,160
294297,318393,480914,868348,100,160
410744,423458,2166468,12074618,100,160
234335,269026,719298,2094188,100,160
334502,362475,16418,152626,100,160
224451,313497,138523,135021,100,160
281448,309049,618742,800261,100,160
368578,422351,783567,983543,100,160
232755,279967,9156,20021,100,160
348280,404414,13755,37045,100,160
304448,337311,736874,933926,100,160
272549,307440,64571,69998,100,160
348555,391928,723548,1017358,100,160
292461,329315,620648,828217,100,160
288531,338652,705462,514204,80,160
333221,430381,11206,0,80,160
235037,318469,41622,39895,80,160
317826,391423,50823,75780,80,160
219858,277909,102082,67542,80,160
331355,371858,250512,264096,80,160
362689,457947,16937,4710,80,160
64096,88469,911238,996086,80,160
291773,325614,718539,581478,80,160
263072,332690,553866,177580,80,160
310696,356845,46331,0,80,160
344603,424298,58369,38270,80,160
233404,301106,11237,11480,80,160
302831,349955,377988,95806,80,160
271732,336096,345272,718664,80,160
326342,416141,107979,221525,80,160
305897,398748,263430,745907,80,160
254812,310987,47831,19148,80,160
337536,395412,988197,890269,80,160
263900,328340,100071,89240,80,160
264964,297401,500181,683749,80,160
359858,428426,286808,142249,80,160
266131,342752,178818,201140,80,160
256330,329713,35510,61924,80,160
313634,412572,367056,701458,80,160
292523,344079,321,3499,80,160
259593,317935,47065,80555,80,160
316159,371824,561263,692688,80,160
269255,349787,19196,78678,80,160
261437,308001,28792,54454,80,160
269145,511483,710722,823622,60,160
383542,466078,1088904,937201,60,160
283360,268362,817417,756777,60,160
410673,279265,24508,14491,60,160
408997,222219,20537,37504,60,160
459623,321026,746750,479074,60,160
377357,268364,556325,393838,60,160
472803,348819,1297322,867641,60,160
444453,282849,1137770,890492,60,160
465160,392695,871239,565024,60,160
401578,261691,14262,8194,60,160
468674,305739,671251,568612,60,160
409149,243302,49595,16486,60,160
388497,305344,16731,35825,60,160
453834,363790,974256,528493,60,160
272647,257469,496785,325529,60,160
290745,354273,50432,14355,60,160
175004,308186,51557,21289,60,160
298686,286496,1797331,761279,60,160
129010,98047,524421,166791,60,160
220490,145161,1619445,717603,60,160
237544,202202,1454099,601937,60,160
228093,279615,1503027,738531,60,160
112192,73305,1437080,619653,60,160
266347,325187,1584344,714909,60,160
227156,284060,1395571,595712,60,160
325487,361017,62592,9961,60,160
273977,337932,1868363,788221,60,160
62346,61758,0,1273293824,60,160
24871,52360,0,1675577216,60,160
16325,27010,0,1870036608,40,160
6835,20267,2125513344,0,40,160
147728,146550,294932,494534,40,160
186208,380511,17986,42826,40,160
312125,404597,382649,748866,40,160
282675,299629,260470,356069,40,160
347749,344687,1899,28986,40,160
259722,350945,17796,9098,40,160
302945,388909,423006,308691,40,160
211460,171526,485804,752806,40,160
354950,373407,15923,8166,40,160
374197,351056,452336,811859,40,160
309013,400353,451713,919598,40,160
316440,459599,602220,985821,40,160
318072,202851,384809,661422,40,160
253627,318194,314182,419939,40,160
224523,355837,11869,23176,40,160
281178,374919,559192,836739,40,160
21612,38401,0,1909265536,40,160
274994,374640,374977,889706,40,160
376944,476433,1956,0,40,160
332503,335437,339406,781628,40,160
262785,377318,62285,48300,40,160
372182,370946,319255,654636,40,160
206301,413881,6349,0,40,160
335194,387211,600344,991842,40,160
359215,321857,439643,787152,40,160
406596,361692,323851,619320,40,160
144232,345227,25276,85690,20,160
241605,348761,0,113282,20,160
355948,437968,76652,209365,20,160
286979,452009,11891,146886,20,160
372608,349442,0,182560,20,160
194917,80731,432902,402117,20,160
201336,386165,3855,86845,20,160
240429,82313,481144,479079,20,160
270840,367765,134443,191657,20,160
299096,348450,31377,158759,20,160
181548,51354,361905,400565,20,160
225899,320419,25091,116171,20,160
247622,112723,396950,492717,20,160
293545,370082,20861,135863,20,160
228577,334745,13314,109931,20,160
48891,60746,406680992,0,20,160
262326,308073,51817,148511,20,160
316392,429305,21351,173913,20,160
249928,314243,34450,127965,20,160
278390,364433,96223,175062,20,160
462289,295128,519429,622065,20,160
476383,346657,627145,552689,20,160
409394,346361,328998,522640,20,160
273022,322431,47263,162056,20,160
241564,321974,0,105490,20,160
159577,13722,169097,320966,20,160
290623,315860,0,129538,0,160
492659,344121,266720,533692,0,160
324247,373747,0,143203,0,160
395291,325895,782,0,0,160
324570,376537,13921,153030,0,160
460085,328784,330802,500921,0,160
337179,399771,0,152587,0,160
277525,282712,0,119639,0,160
517760,311354,386919,597661,0,160
484956,284536,303674,567984,0,160
300939,316494,19110,142488,0,160
370752,393751,3540,162876,0,160
273993,322952,23166,125246,0,160
455633,373626,1941,0,0,160
309350,356929,3746,134407,0,160
497526,359542,497660,607944,0,160
334916,299954,7834,155828,0,160
278869,279775,1456,120583,0,160
130112309,9431,0,303572063,0,160
533472,278435,306067,623465,0,160
529806,408172,286510,535174,0,160
385843,429611,16371,182366,0,160
294099,375424,30767,144952,0,160
340260,353088,9280,169830,0,160
356015,402598,13624,159829,0,160
380653,402289,9904,175404,0,160
256389,188754,0,110547,0,160
24901,63793,1461942528,0,0,160
647881,439830,546064,801407,0,160
311012,327879,2263,136899,0,160
534725,305136,277104,481973,0,180
373683,299326,18040,200960,0,180
533784,289731,79145,472465,0,180
495404,452702,15992,293146,0,180
473772,369809,4260,204522,0,180
355775,326055,10859,155928,0,180
564305,299274,181185,535441,0,180
371666,242098,15964,164380,0,180
542594,388760,11190,239689,0,180
446576,263903,53245,326524,0,180
257336,171911,0,117187,0,180
351427,182066,9947,0,0,180
417240,268659,20439,192276,0,180
465827,275632,10150,227033,0,180
543799,307157,15152,271594,0,180
437231,311590,10893,208183,0,180
314779,360580,6037,136570,0,180
597603,279287,276348,572759,0,180
646501,325435,196091,570751,0,180
549071,356756,50240,266689,0,180
70285267,0,1103805824,163988926,0,180
389292,301192,55886,235889,20,180
292165,311534,0,129867,20,180
397038,398558,0,184192,20,180
45718,64902,1643058048,0,20,180
269337,291358,0,122511,20,180
473887,278397,217031,566133,20,180
241991,361485,47537,137263,20,180
352223,384809,0,173346,20,180
294282,379706,6533,129852,20,180
281908,352098,0,121051,20,180
495099,437488,4041,0,20,180
252047,311866,19438,130260,20,180
332488,444634,11894,170781,20,180
272728,353040,0,118218,20,180
369811,399355,16979,163584,20,180
256348,180414,3032,126874,20,180
386197,343714,61541,270597,20,180
413740,260649,8870,0,20,180
323262,332554,23740,178828,20,180
300562,321242,4449,145591,20,180
259765,275089,3068,117068,20,180
197615,442802,0,94864,20,180
325183,79022,145976,639294,20,180
289168,329240,12322,148952,20,180
254787,261976,10604,111112,20,180
0,6430,1663109120,257269008,40,180
172004,445243,140897,227924,40,180
316499,266672,356980,1161938,40,180
465702,366318,285633,1107313,40,180
416041,342228,319228,1010040,40,180
516393,357195,33702,65696,40,180
493688,450073,467977,1064767,40,180
364053,345367,6426,7270,40,180
484241,406679,376467,1474709,40,180
390252,382418,50260,33203,40,180
482718,237039,307828,1486863,40,180
441352,370584,466574,1726241,40,180
431136,429075,55254,47486,40,180
213670,271915,169407,164552,40,180
90365,303869,115651,172381,40,180
368182,249891,23242,90133,40,180
484872,345698,385604,1586832,40,180
492401,359470,275862,1466751,40,180
439915,247992,236423,808438,40,180
412304,280268,107,15291,40,180
385624,275203,51348,58702,40,180
458187,369020,0,27618,40,180
444095,336378,6255,10524,40,180
410917,355851,0,88,40,180
479528,321615,428182,1114265,40,180
98396,293127,79478,104044,40,180
473148,372781,50357,64023,40,180
254876,307663,112590,187698,40,180
411614,316146,244920,1022380,40,180
414404,275410,502417,1569498,40,180
503403,397811,416087,1623315,40,180
394696,259823,0,9802,40,180
503313,295370,240746,720855,40,180
555877,821476,311820,239515,60,180
181121,406034,18629,76977,60,180
209130,331143,265734,513965,60,180
313690,338583,226600,328024,60,180
253339,162012,179341,150054,60,180
618092,352196,356866,1889901,60,180
229683,366630,1245,0,60,180
303638,640342,77656,202905,60,180
573886,386044,16644,28409,60,180
476415,334743,311465,1829170,60,180
675839,547704,8880,49483,60,180
465935,336322,340920,1941996,60,180
684165,421068,7846,102818,60,180
563635,352402,564,32388,60,180
538214,386154,0,84515,60,180
689809,391068,49880,167283,60,180
485633,332285,294334,1814367,60,180
653487,403478,5935,9303,60,180
585544,312630,142103,1425021,60,180
586711,383783,0,28127,60,180
654957,358432,67604,223558,60,180
479365,283321,2432,820,60,180
249470,352968,0,24476,60,180
477291,317724,159884,1213951,60,180
557896,385101,11881,35945,60,180
636919,402108,23727,177946,60,180
548987,348654,15265,23461,60,180
565391,341837,0,36011,60,180
710987,403646,6080,4305,60,180
213362,301504,52211,68134,80,180
441616,407277,10825,3552,80,180
9354,12788,1065,460023,80,180
81655,77883,115447,765463,80,180
354149,330615,23001,0,80,180
369740,347719,301271,2136308,80,180
399451,444656,100285,1036365,80,180
350251,432629,4546,11415,80,180
432576,462983,107533,122922,80,180
50941,91640,183178,260833,80,180
310525,365955,0,15044,80,180
406980,457967,17432,58839,80,180
356144,443427,0,7823,80,180
393098,436884,6951,23045,80,180
307799,359306,11144,28707,80,180
262289,347531,0,101936,80,180
371509,459659,70363,91806,80,180
304922,411126,0,19863,80,180
333742,440466,472353,1359098,80,180
221713,297103,151219,141320,80,180
372233,425717,1415,0,80,180
305366,390016,13062,0,80,180
385743,491728,1469,2896,80,180
330024,470523,0,5571,80,180
356031,437755,549853,1668906,80,180
407663,519715,527211,1937625,80,180
303115,411678,405464,1447571,80,180
392254,504437,73382,82667,80,180
445228,437858,421719,1553545,100,180
323400,354634,305658,1362304,100,180
413780,435243,270536,1697250,100,180
301309,328851,0,25060,100,180
317193,337548,9258,0,100,180
402918,414151,28011,111370,100,180
336953,367899,8044,2965,100,180
330482,351457,6484,31503,100,180
449323,471667,18636,12542,100,180
315396,360808,2058,11510,100,180
339279,399799,11965,51849,100,180
323085,357044,12226,25535,100,180
294615,386553,21314,40999,100,180
299922,336112,170697,530933,100,180
430950,481591,10946,21641,100,180
348931,367317,12790,31891,100,180
334371,379663,34124,23039,100,180
290165,327887,0,3933,100,180
406081,437764,35853,177826,100,180
338853,371435,0,171638,100,180
418090,451576,3110,6469,100,180
353686,412125,8784,35332,100,180
475990,514796,7274,112086,100,180
274475,315106,170223,1091088,100,180
145841,345766,19664,0,120,180
327242,445664,0,8389,120,180
179021,374763,32786,44531,120,180
270005,478936,2748,1477,120,180
294696,445519,185310,563503,120,180
140478,579575,1240,2413,120,180
200540,395969,1559,9869,120,180
287325,462626,282013,487857,120,180
239453,481847,8088,9426,120,180
101419,346320,11005,0,120,180
341115,566500,322286,666160,120,180
148053,350265,51530,65194,120,180
91794,366426,31309,45272,120,180
337542,472310,222431,692572,120,180
253252,559682,76317,363808,120,180
383157,637021,33677,156927,120,180
265047,464208,195989,566311,120,180
59874,391515,0,2263,120,180
267840,540505,323160,552908,120,180
358690,658976,42048,99645,120,180
270973,543870,13444,38546,120,180
317769,654221,680,7335,120,180
157237,403970,5737,10040,120,180
298368,501944,157381,655919,120,180
383536,641182,0,12589,120,180
345363,537649,29810,36324,120,180
222377,477346,176498,243753,140,180
347468,644165,4721,33668,140,180
171851,499100,59507,57823,140,180
107973,392410,13580,11252,140,180
303210,572746,2857,20189,140,180
286161,499384,303530,653719,140,180
266609,545532,244108,260526,140,180
395116,636039,316379,1074888,140,180
320660,595739,26285,42140,140,180
321073,674887,10924,0,140,180
142189,519675,20198,44456,140,180
328831,577688,256353,705235,140,180
147312,480435,11029,5544,140,180
242730,545652,204037,731883,140,180
287621,654258,276286,886200,140,180
236074,546277,343,0,140,180
328204,588553,275270,856766,140,180
246949,576261,136743,311132,140,180
283062,512292,138768,304464,140,180
226804,541067,0,36857,140,180
277957,619532,256796,878134,140,180
210308,465411,13509,4303,140,180
128806,406108,6993,42547,140,180
243687,1006165,152685,450048,140,180
142118,812410,4718,0,140,180
199516,566775,0,10216,160,180
264359,539919,251829,7914,160,180
39347,589669,0,1166,160,180
192144,518921,224776,5520,160,180
184838,469442,206942,6500,160,180
243564,679803,296200,22176,160,180
310351,1063208,0,60417,160,180
51677,625213,0,5939,160,180
169233,579690,0,6580,160,180
235659,617759,273812,93913,160,180
177745,585181,255813,17160,160,180
254913,591731,255575,7459,160,180
240929,568452,249007,38158,160,180
159914,598296,260922,3692,160,180
239973,863737,0,28484,160,180
225992,562079,258098,42213,160,180
293372,722067,312263,65210,160,180
268247,561030,254518,13029,160,180
315982,590668,286039,26987,160,180
366696,474893,218924,22367,160,180
0,279335,149928,19615,160,180
302517,549455,248509,23915,160,180
230353,738547,318332,7160,180,180
222323,552607,247749,14507,180,180
330616,1259141,640500,220119,180,180
267274,961061,415949,18709,180,180
362698,1048974,540447,471086,180,180
238333,864881,481113,193462,180,180
321474,979047,424994,54769,180,180
299128,960735,445753,58866,180,180
222962,565723,254283,27183,180,180
324502,575468,248387,35090,180,180
168972,379024,177070,23595,180,180
352177,900621,388426,23974,180,180
247603,807976,382150,41185,180,180
178843,829821,360324,7148,180,180
360740,5724426,12083416,14336463,180,180
169572,966252,1470073,1587434,180,180
385210,986002,561270,255646,180,180
237027,554440,242543,805,180,180
298803,1237258,569001,37699,180,180
342529,1429813,0,59960,180,180
267651,861071,0,861,180,180
277291,1333718,0,16403,180,180
260789,940025,467988,221630,180,180
252450,699729,415995,225790,180,180
311460,1248965,0,27045,180,180
16906,56363737,131507183,441899040,180,180
96692,188669115,440002018,1336491904,180,180
355132,134361,64059,7418,180,180